id	APOA5	APOC3	CPT1A	MMP1	NR1H3	CYP27A1	APOA2	SCD	SORBS1	PLTP
TCGA-E9-A244	0.022310468	0	3.907747233	13.25663075	3.201731759	22.46678307	0	115.3354398	10.28022386	10.3911113
TCGA-E9-A5FL	0	0	10.99111409	33.66414245	4.405334348	7.589111397	0.277384029	60.34337137	5.922761671	303.3353788
TCGA-E9-A245	0.114617314	0.160312034	18.64744697	0.648344182	3.797694126	8.665835485	0.11752823	71.45536095	1.683568266	6.283146587
TCGA-A8-A0A7	0.026460357	0	11.09182716	15.48817401	10.66404357	19.99863705	0.036176489	241.8450222	1.281332844	84.19554536
TCGA-A8-A08L	0.007752416	0	30.47402921	0.427083334	6.678518832	35.83541799	0.015898605	158.7317952	2.017759111	23.78089661
TCGA-A8-A08A	0.026651803	0.019881137	5.465401884	1.179849629	4.660343856	21.23995945	0.054657349	127.5160948	7.643364727	15.92968111
TCGA-A8-A08R	0	0	35.74032328	12.02785122	9.186419633	29.05157572	0.030411077	127.7339686	10.65706015	34.1954971
TCGA-A8-A09W	0	0	32.04858567	9.462550198	3.023146639	31.43473917	0	448.706066	6.525511126	14.27456195
TCGA-A8-A06Z	0.033597216	0	15.51995396	0.975018509	3.049927591	1.302373627	0	1237.908031	2.943925427	29.86941953
TCGA-A8-A06Q	0.029273901	0	23.06817852	0.011519354	1.957426247	22.94417535	0	842.3755261	0.744621551	6.519474099
TCGA-A8-A09N	0.011168384	0	16.18131995	3.966295775	4.474020744	5.2677783	0	679.443009	1.394407721	10.35793143
TCGA-E9-A1RD	0.018984647	0	7.595697905	0.354849068	5.624757586	3.07527094	0	36.33937565	7.669727119	8.499428616
TCGA-D8-A27P	0.00987561	0	13.30542114	0.884082687	3.783031961	25.21488646	0	283.2148023	6.943369224	11.26794318
TCGA-AN-A04D	0.006975542	0	18.17031773	24.54621119	1.667085374	48.70412529	0	8.554385201	1.67936037	16.57770994
TCGA-AN-A04C	0	0	40.628031	7.350332742	4.48485554	18.84695422	0	48.42921584	0.901589223	14.66327635
TCGA-E9-A248	0.007992723	0.107320307	20.44477726	7.540513602	8.252394153	23.83460609	0.180305686	455.2417927	4.571517056	24.42051546
TCGA-BH-A0HL	0.008215619	0	81.24639916	1.349721887	2.971520218	1.649298529	0	13.87002051	2.328163112	3.039002932
TCGA-BH-A0HO	0.057232452	0	11.28782027	2.145761783	5.258045778	16.03407836	0.039123983	210.00998	6.637606609	9.307304484
TCGA-BH-A0DS	0.032827299	0	12.28132023	14.33856443	6.37643314	22.69223659	0	77.49326648	6.793742955	28.60907536
TCGA-E9-A1R3	0.047206985	0	11.33660116	65.79991798	4.871543767	24.06789521	0.012101473	73.95153435	4.087493784	25.68912745
TCGA-AQ-A54N	0	0	7.978804477	0.07904062	4.135779097	40.06805661	0	2.445129401	5.03729621	66.90444785
TCGA-HN-A2NL	0	0	7.828029565	12.51937578	4.803850305	48.16367478	0	14.83370402	3.312823895	48.82244923
TCGA-AR-A24P	0.013872113	0.015522029	14.08090881	4.749079125	4.504415527	16.35310054	0	36.79148229	3.123521823	15.00793924
TCGA-AN-A04A	0.007320377	0	9.450002929	26.92628481	1.999872623	5.022244606	0.030025164	66.38628361	3.223160662	24.66095725
TCGA-E9-A1R5	0.007538957	0	12.5697029	27.81186398	4.931406088	2.664469183	0	81.51579531	5.544940361	8.86634781
TCGA-BH-A0DQ	0	0	8.513299297	2.998274136	4.240968779	10.23045041	0.019655253	75.80717995	13.47355868	25.29192459
TCGA-UU-A93S	3.63325688	0	21.46045773	0.57443135	8.023234743	3.76198294	0.099790984	531.6371189	0.3748042	5.443144584
TCGA-E2-A1IL	0.012015606	0	21.31409618	0.425535427	8.044619108	19.59385617	0	82.14459326	22.44037176	13.3797389
TCGA-BH-A0E0	0.117923501	0.234576079	3.160086379	0.63159907	20.18320684	24.17556956	0	899.5617387	0.570335994	26.28226024
TCGA-BH-A18G	0	0.029206652	3.220855325	18.09024454	1.623704299	20.10379149	0.026765038	22.71272028	1.281129726	12.83062827
TCGA-A2-A0CU	0.067841959	0.075910921	19.4287615	0.116794925	2.28048432	41.34848553	0	215.1133099	7.973548056	12.06247247
TCGA-BH-A6R9	0	0	8.19973565	119.9563167	3.562270245	9.947684131	0	13.92678091	1.829994572	76.27131803
TCGA-AR-A0TR	0.050648837	0	15.05842659	0.839925933	11.847815	5.448229482	0	54.54440906	9.308581155	3.327651649
TCGA-AN-A0XV	0.00850816	0	21.14285386	1.121574145	5.012483032	19.58426675	0	179.3073948	2.699111698	17.68929821
TCGA-AN-A0XL	0.00924696	0	32.07420559	0.172838364	4.850780422	22.19199828	0	131.3498447	28.86114216	24.23972227
TCGA-AN-A0XW	0	0	11.93635834	10.82917739	6.344223896	12.60893666	0	113.703353	4.000091033	44.83195263
TCGA-BH-A0RX	0.010637546	0	3.761987357	89.7038701	8.213481267	9.792911752	0.130892477	83.53110173	2.955424853	157.4847439
TCGA-AN-A0FF	0.07387842	0	11.55334136	13.12752955	7.714720986	30.97635089	0	26.92567694	4.352262795	21.03836284
TCGA-BH-A0HK	0	0	23.67186196	4.606647192	19.19435159	14.01968292	0	41.19285746	12.07578436	14.44221828
TCGA-E9-A1R4	0.010056312	0.022504772	24.1439622	10.87236357	8.684766592	16.67977016	0.041246841	98.36159912	9.131196128	33.2335339
TCGA-AN-A0FD	0	0	6.575310881	2.852467938	4.21743197	4.676555146	0.02079166	74.88783923	4.825311984	27.72851329
TCGA-AC-A3EH	0.016748273	0	15.41082491	40.10312004	4.844019652	11.87665938	0	35.3667967	3.04060809	29.17529453
TCGA-E9-A1RF	0	0	10.82767076	71.53413401	6.330008163	10.10370659	0.015144112	186.3283261	2.429951736	26.75251134
TCGA-AN-A0FS	0.006194916	0	15.83880855	1.895323573	5.334122049	26.14057302	0	53.90047687	5.698263504	29.7474166
TCGA-AN-A0FK	0.05248051	0	27.92236536	0.671164454	3.683418645	14.08717287	0	44.47715408	2.663559307	63.67542294
TCGA-AN-A0FT	0.099691313	0.074365575	7.617221126	3.040230811	2.937308978	6.913941788	0	181.6746357	2.433102912	24.10269946
TCGA-B6-A400	0.02801193	0	6.9998549	7.047680732	5.176617647	33.07637993	0.043085016	38.69551924	9.069597017	22.9828295
TCGA-E9-A249	0.013151481	0.029431374	7.764682272	0.45282484	7.464096314	17.54993895	0	44.28952431	7.188771468	5.712385228
TCGA-AN-A0FN	0.021868539	0	13.77416857	17.62657565	4.46593881	17.79263373	0.014949287	26.63383371	6.424366058	37.93906731
TCGA-A2-A4RW	0	0.069524999	25.3444937	1.146103722	4.828114683	28.93365677	0	22.88984161	6.761577628	46.40639071
TCGA-AN-A0AK	0.185561676	0	33.15044506	2.58787893	4.746006975	4.070537662	0	447.2408766	0.545519426	18.23192762
TCGA-BH-A18T	0.022111084	0	15.83071458	13.68195737	6.172928913	46.30849732	0.01511509	100.5510673	1.767811745	20.41099342
TCGA-AN-A0AL	0	0	14.89110525	38.57519605	3.447717213	43.14698443	0	32.31623484	1.42770605	25.10392016
TCGA-AN-A0FL	0	0	10.67445067	0.761372322	4.226118467	27.45126895	0.080364529	43.53493931	4.239806429	389.996273
TCGA-EW-A1P8	0.00885695	0	9.807318611	4.495949518	8.951580136	10.15040283	0.036327552	45.99466504	2.651107143	62.93748453
TCGA-AN-A0FJ	0	0	11.01417286	24.55838596	4.26400188	39.29736254	0.030803724	63.98991026	12.25833884	23.17534697
TCGA-A1-A0SM	0.020977543	0	32.127255	3.549527981	2.164412213	4.324847753	0.014340204	431.8862172	1.619565559	16.18072735
TCGA-A8-A07S	0	0	10.63837178	2.255674619	8.015356417	7.618117232	0.017287889	22.97912531	5.032942489	12.94234239
TCGA-E2-A56Z	0.021383504	0	5.804297396	12.34822483	3.65684814	17.81014376	0	9.135310647	1.306170622	6.499146309
TCGA-A2-A0T2	0	0	4.369215652	4.13752126	4.339753038	31.45701837	0	60.81529752	1.174948424	21.59651113
TCGA-A1-A0SB	0	0	11.01193581	0.030555484	2.885997937	18.18138369	0	8.546797801	9.938727331	75.54491703
TCGA-A7-A6VY	0	0	4.487815553	186.3365339	8.208078442	11.89917229	0.172536017	56.12668718	2.747331876	76.97387836
TCGA-E2-A1LK	0.09842397	0	10.11526834	1.32788852	5.692733714	61.66051235	0.201847252	81.31617188	1.909144033	82.97065936
TCGA-OL-A97C	0.015319706	0	7.471013428	2.682612726	2.934245852	12.86913853	0.031417556	109.9433989	2.991187116	149.1723728
TCGA-A8-A09R	0.014038968	0	13.39032663	56.7007461	3.889360776	16.82798284	0.028791026	156.3721971	4.214788989	21.31309203
TCGA-A8-A07R	0.006934569	0	14.42180251	6.453542692	2.522999231	46.03476411	0	20.93326412	8.793425099	14.90423195
TCGA-A8-A079	0	0	19.50012529	7.795946998	5.909307093	7.402240138	0	84.65089206	4.961489605	20.96614877
TCGA-E2-A15K	0.010228079	0	11.81470688	12.32587322	7.495022354	21.38359007	0	34.30591447	7.467838004	18.17603247
TCGA-A7-A6VW	0	0	2.973991293	26.48776144	11.3617835	18.99918447	0	72.49940693	1.750917265	12.63844818
TCGA-BH-AB28	0	0	12.09749778	4.709814046	10.49232819	11.89798157	0.021721997	45.19678272	6.196702002	23.17701144
TCGA-E9-A2JT	0	0	21.76047352	0.146460998	7.383469528	11.53435599	0	86.0216973	10.99415259	25.06595547
TCGA-BH-A0E6	0	0	2.022437912	13.22699956	5.558409176	7.510244908	0.708576416	55.82120608	3.190067483	34.58890262
TCGA-BH-A6R8	0.295174927	1.068560505	11.43790479	1.3579545	6.695841037	22.54422008	0	542.760632	3.071385289	20.46011804
TCGA-BH-A8FY	0.331621812	20.6608507	10.52179383	0.169642232	9.278001364	30.06800182	26.06096856	5.753224062	2.254944947	11.02754109
TCGA-C8-A278	0.015309726	0	8.277389305	392.3325623	4.902496447	17.36152175	0	356.1093875	3.824305577	26.45334466
TCGA-E9-A1NI	0	0.026904137	14.18522979	10.26574463	4.106747656	6.326575908	0	546.8656209	2.545466076	19.20034224
TCGA-PL-A8LZ	0.01127303	0.9838778	8.089928341	37.81661038	8.969228751	12.93397128	2.959188343	6.983585495	6.001449149	30.12686066
TCGA-AN-A0AJ	0.021158202	0	19.87666257	13.37679515	9.317170293	14.93283891	0	183.1798587	0.990467466	30.92423155
TCGA-A8-A07O	0	0	12.16033648	138.4675128	9.894546883	44.73114695	0.138172966	126.5383873	6.482207364	45.5593952
TCGA-D8-A27R	0.0134069	0.165016334	41.87092448	1.140859121	11.55831815	5.321941474	0	149.3222573	1.538204759	114.1607335
TCGA-A7-A6VV	0.008639781	0	6.363445279	61.31495391	6.674656614	29.27796071	0.053155223	61.10803489	3.783974813	18.72074221
TCGA-A7-A3J0	0.006297554	0	21.63933578	0.284981903	6.421379548	23.15325829	0.038744952	72.83873862	1.359332193	8.727220289
TCGA-A7-A6VX	0	0	15.27624727	4.774446333	5.728335321	21.72986512	0	157.8288924	5.454420517	23.97307706
TCGA-C8-A1HL	0.036493208	0	31.51421141	12.33777935	5.715530325	17.86865521	0.074840039	175.626905	4.7807283	15.243246
TCGA-BH-A42T	0.030734343	0	16.32656518	0.196528182	5.111420239	19.98251057	0	6.573386414	3.073401627	12.26541587
TCGA-EW-A1PE	0.091662151	0.051282116	9.32402343	113.7835785	12.09943431	11.89039092	0.046995039	103.2762006	7.0521228	16.01521036
TCGA-A7-A3IZ	0.068348834	0	16.10857338	1.025388633	3.112065791	4.096358923	0	7.729100137	4.923328726	11.3967242
TCGA-AR-A5QQ	0	0	8.343507002	903.7632791	7.897069396	6.510895764	0	72.42339742	0.614036011	36.01912553
TCGA-A2-A25F	0	0	17.13532093	419.8132238	19.39737647	35.64282921	0.037528567	50.19176427	12.3481613	151.3533326
TCGA-LD-A9QF	0	0	18.42159038	0.734887303	20.09749732	58.29541099	0.022202714	182.354139	1.514613392	77.56821011
TCGA-A7-A5ZW	0	0	6.609185863	7.376904777	4.648146145	20.52706002	0	38.65832736	3.577480292	24.72860124
TCGA-BH-A0GZ	0	0.02288693	4.908979753	1.478960376	3.493546195	19.08920328	0	32.30281423	2.143404662	12.95598383
TCGA-C8-A1HF	0.006940593	0	27.31356275	119.5556967	5.804081286	12.47237836	0	67.92914797	2.746369389	29.53791855
TCGA-A8-A07P	0.032079318	0.107684268	8.421084742	3.084817203	4.587639647	4.595515494	0	33.32839483	2.228145668	11.94583416
TCGA-E2-A15M	0.005043462	0	49.61556648	13.48545962	6.503215486	12.95257416	0.0103431	57.00843892	16.86526611	27.67634017
TCGA-A7-A5ZX	0	0	7.899030369	0.172313482	8.233038507	18.7698724	0	12.17375831	6.127559362	31.92065677
TCGA-E2-A1IU	0.076337266	0	6.715400343	0.590049978	9.786311929	23.90474745	0	129.9485087	8.185010427	8.217592747
TCGA-E9-A1R6	0	0	21.94265146	5.756906392	3.58316053	17.43242938	0	207.4688501	2.028726854	12.03808988
TCGA-C8-A1HI	0.024294076	0	10.93498204	0.304718008	2.162984729	15.01397121	0.024911069	145.8709738	2.99076156	11.78900882
TCGA-A7-A3IY	0.00859776	0.038481427	12.76905198	4.871865895	5.800432106	30.97329187	0.017632231	39.37834164	1.911277418	26.63632602
TCGA-C8-A1HG	0.018302161	0	20.1525614	10.42481818	4.178416132	5.624242514	0.037533956	466.1717362	2.271968289	30.97481982
TCGA-4H-AAAK	0	0	6.959280391	0.832362982	3.888675723	14.83502852	0.043379764	57.0450974	2.688340479	29.91052645
TCGA-AC-A62V	0	0	26.3107374	1.995461266	7.294994778	7.858115119	0	253.3686992	1.185926499	16.30134241
TCGA-AO-A1KS	0	0.017210785	31.58218564	1.134863412	2.291741455	4.257012282	0	342.3318658	3.255331065	13.70795308
TCGA-JL-A3YX	0	0	14.97025984	2.399741352	6.799616045	7.735039616	0	150.5868513	2.11398678	17.8253735
TCGA-C8-A12N	0	0.144933573	6.489340411	2.120696626	5.023505158	2.716902367	0	101.7703053	3.543312291	18.6077694
TCGA-C8-A12P	0.027063261	0	41.95621736	5.502222049	3.559824859	15.07992503	0	279.634575	2.391592838	16.08616397
TCGA-C8-A12M	0	0	7.635739485	0.371655379	0.97987587	6.127932295	0	30.88221458	3.216753622	6.300638582
TCGA-JL-A3YW	0.015151972	0	7.789537694	154.7823329	13.99559886	20.30316007	0.046610352	120.7658407	2.670735705	61.6990093
TCGA-C8-A12L	0.096743496	0	30.84927729	116.8046305	2.791859801	8.309095557	0.158720758	125.1546075	3.469385061	9.835604027
TCGA-A8-A09B	0.050035038	0.354578556	13.39186084	0.360963433	4.987796819	5.406971077	0	89.39059123	6.314251638	11.92541127
TCGA-A8-A097	0.012293942	0	28.05548454	20.72953266	2.601743029	7.048657046	0.025212337	94.21177406	3.970576113	24.43044244
TCGA-BH-A1EV	0.235352215	0	23.35436458	5.385198503	3.007434064	7.611220681	0.017876253	44.34979327	3.339888455	14.78558174
TCGA-A8-A08I	0	0	11.83013896	0.154542485	14.72654989	40.42305735	0.021477862	339.5740428	1.21284211	24.81758094
TCGA-A8-A0A1	0	0	17.81366593	1.316944715	9.592064686	43.56973322	0.105591416	60.6202938	17.98489525	25.29939783
TCGA-A8-A07J	0	0	7.288981295	0.421155667	10.01225588	51.68048733	0	59.66408747	17.63801024	45.72986241
TCGA-C8-A1HK	0	0	9.205437681	4.620396994	2.472988269	8.029872857	0	217.400613	1.301823561	20.14474523
TCGA-D8-A1JF	0.613382476	0	34.37245722	23.96805835	4.4919224	4.940583484	0.013526031	778.2825287	5.170021877	12.31930786
TCGA-A7-A5ZV	0	0	5.903568192	1.681501374	8.574309236	29.91814468	0.029211267	194.1077269	3.3016373	12.96038746
TCGA-D8-A73X	0.008989007	0.020116277	8.488774614	1.742069564	7.759184754	27.12676206	0	94.58248627	5.057621314	18.44221616
TCGA-C8-A130	0	0	18.25027324	4.124948527	3.837601814	10.50163911	0	140.8387487	3.305479661	15.00815459
TCGA-D8-A1JS	0	0.017898077	7.628277694	0.76318491	8.599566063	43.97913347	0	43.72416789	0.737809725	7.881014298
TCGA-D8-A27W	0	0	39.10352669	3.9406073	2.766236057	9.259391192	0.012062865	559.0004027	1.822809378	24.9297546
TCGA-E9-A295	0.045898269	0.077035952	25.82487627	3.781539778	3.311373325	23.37829814	0	51.0944808	4.012201951	21.15251821
TCGA-C8-A1HM	0	0	12.18623119	47.44836179	7.113415157	42.71139248	0.024833923	194.7953808	1.210386916	31.30921475
TCGA-E9-A54X	0.025604444	0	7.959078193	0.075565604	4.718029823	0.55726361	0	234.6883708	0.628351385	5.643679056
TCGA-C8-A1HO	0.007575105	0	16.02673741	0.268274085	2.176336276	17.61371205	0	256.1896319	1.742289624	8.406220459
TCGA-C8-A1HE	0	0	9.936555457	1.300627277	7.485156104	5.431314724	0.02738748	77.11256185	3.855023932	7.246931041
TCGA-AN-A0XO	0.006627222	0	10.52917316	1.760284411	3.306514579	7.216158536	0	160.8247071	4.950331006	9.467131669
TCGA-LL-A7T0	0	0	38.60128376	8.631051057	5.688895809	13.86676861	0.02395842	133.6654616	0.740808772	36.21087415
TCGA-C8-A26X	0.069330793	0	6.066878119	27.622866	6.402476185	21.02861617	0.020311879	235.6812989	2.061583392	38.32146442
TCGA-D8-A1XC	0.010810135	0	15.91118134	0.499823318	3.780528063	9.944773167	0	292.8121855	2.695485476	5.499282758
TCGA-C8-A137	0	0	7.656084051	2.515944457	2.664215255	1.404128724	0	71.14523086	1.512014222	7.234526272
TCGA-C8-A138	0.032565383	0.267216639	15.73707111	17.24626298	4.566653739	19.8665428	0.022261627	154.6523341	2.44420068	125.5279773
TCGA-C8-A8HQ	0.32489397	0.090884023	8.564699935	458.0823646	5.229674816	38.7169108	0.016657262	222.6771524	2.704753561	25.13250484
TCGA-C8-A26W	0.027712871	0.046513461	25.3934827	1.124586881	4.404539855	15.87100211	0	113.7429006	2.614885697	16.03722879
TCGA-D8-A27V	0.020572966	0.023019866	19.81981364	0.743775378	2.678257057	23.00601401	0.010547727	22.54142893	6.801997005	17.69926023
TCGA-C8-A12Z	0.300685052	0	30.96596606	15.20824258	3.076389818	19.89197054	0	1230.61292	4.409214304	13.22997093
TCGA-C8-A134	0.005496064	0	3.760835047	66.7197665	5.883749707	71.29599737	0.011271294	48.64431489	8.493335143	23.63758011
TCGA-C8-A132	0	0	16.81203568	69.7915382	3.979151424	6.926724337	0	397.9448878	2.604905716	22.22407154
TCGA-E9-A54Y	0.012074321	0.027020824	12.8138796	0.035634568	5.631907408	13.80625496	0	99.29085353	0.218449335	10.51666194
TCGA-C8-A12U	0.183009861	0.433644613	15.33670024	0.847233467	5.826762664	4.644020927	0.06623214	322.2111475	0.717356704	8.210595882
TCGA-C8-A12W	0.010447347	0	32.34270387	30.16488446	6.440792799	10.05899835	0	512.026769	1.832126084	34.55767722
TCGA-C8-A12Q	0.144028894	0.016115935	52.69843053	17.03105852	4.011733738	8.828604277	0	619.6646749	3.200464746	20.34965034
TCGA-C8-A12O	0	0	56.59541825	8.827181105	2.993949961	14.75782895	0.032714021	711.6676883	4.47476645	20.12317836
TCGA-C8-A12X	0.036205066	0	22.16650083	3.045250396	4.117361861	34.44762165	0	178.1222821	0.645296159	11.10055027
TCGA-C8-A12V	0	0	7.066101576	5.04666856	11.02871435	59.62502733	0.042853639	24.08880799	2.139186391	56.58539671
TCGA-BH-A0HU	0	0	24.91529707	0.824399002	6.856423049	18.18004284	0	299.8585036	3.376057266	8.960554474
TCGA-C8-A135	0	0	11.33026542	3.356482356	2.56234332	17.83071547	0.020519388	257.9500055	3.197451347	18.6200729
TCGA-E2-A15H	0	0	23.93545388	6.130564081	8.088907804	9.506147394	0	236.6365987	4.260473109	12.61986545
TCGA-C8-A1HN	0.013499211	0	15.69289794	3.698461842	2.195993807	17.14133294	0	111.320428	1.611666586	11.86583864
TCGA-C8-A3M8	0.126328782	0.127218627	19.03408552	0.6710944	3.208165816	34.24105422	0	55.41897822	4.895824707	12.37133137
TCGA-D8-A1XU	0	0.012743942	4.718775838	0.420161933	3.910042579	22.15390062	0.02335715	98.82201342	2.299261968	7.783142915
TCGA-C8-A8HP	0.545205893	0.031284687	8.62091606	87.46626799	9.867589204	13.63255146	0.229354827	155.9362063	2.999987217	31.90117144
TCGA-A8-A06O	0.007599755	0	25.57770701	1.741979693	5.903677173	10.09702547	0.01558553	481.0328456	5.340532721	21.05785475
TCGA-A8-A06P	0.061705891	0.051783783	11.61705737	5.584727648	3.693369122	7.461598128	0	192.7521617	5.978471797	28.0963603
TCGA-A8-A086	0.007069399	0.063281732	36.10753433	2.663598756	3.03750218	12.74977334	0	131.4399215	3.212695774	19.87946663
TCGA-A8-A0A4	0.0627509	0.070214344	15.40903074	0.267503583	4.243292556	30.35864566	0.064344574	12.13768823	35.62684528	14.14251189
TCGA-D8-A27H	0	0	5.797834102	22.92978212	2.396823593	56.08566889	0	25.06388587	18.53641975	23.98977224
TCGA-D8-A27T	0	0	22.30562098	0.73159597	6.319154136	13.37225342	0	34.57292377	7.622348052	27.30219731
TCGA-S3-A6ZG	0.008420212	0	63.01650558	4.315670889	4.330686333	29.25600128	0	72.23359794	6.401254225	11.9642371
TCGA-LD-A74U	0	0.021620455	24.43014559	1.910348259	11.89981624	37.96759137	0.059439091	19.30645317	7.491748345	48.34461303
TCGA-D8-A140	0.071722289	0	27.56968566	0.181432945	5.751602699	46.93613595	0	71.29127078	2.787921396	18.99722496
TCGA-LD-A7W6	0.010242087	0	20.81063214	0.090681463	11.80528299	25.01939622	0.168035256	25.15017239	8.02846329	11.99855051
TCGA-D8-A1JT	0.014247296	0.382604049	15.86858793	2.431753003	3.904437887	21.50216372	0	863.9229219	1.871971382	9.0842237
TCGA-C8-A8HR	0.032955691	0.049167152	13.6654125	0.605180249	7.124638061	20.01900818	0.157699086	135.2363777	3.150410571	70.98134542
TCGA-A7-A3RF	0	0.016937962	12.48758386	3.484646002	5.164475323	2.85694525	0.093131904	134.2002161	0.793136221	16.75219739
TCGA-D8-A27G	0	0	11.35514643	1.199904205	3.290967429	24.48311115	0.030504727	29.39415169	4.68681345	15.30404498
TCGA-D8-A145	0.010486615	0	14.47534315	0.495181153	3.187667227	18.21104221	0	54.77220022	18.81089945	24.88195165
TCGA-D8-A27M	0	0	16.46003036	328.8318445	5.274040573	21.74083655	0.044592218	56.62629561	7.49131954	12.48213577
TCGA-C8-A131	0	0	7.510896756	249.245249	4.075279631	18.31485189	0.106705267	248.7023946	2.160448779	16.00049881
TCGA-GM-A5PV	0	0	5.788716693	0.388606494	5.659805947	20.09682506	0	164.091386	6.014618483	9.980895791
TCGA-BH-A0HP	0	0	8.499585835	0.386556826	6.2948352	45.84629054	0	19.77155994	5.306627704	18.66903829
TCGA-A1-A0SJ	0.05209011	0.097142642	10.6896444	6.285927778	1.866981716	4.963490757	0	149.7566188	8.517525037	20.76486862
TCGA-A7-A4SB	0	0	12.7678681	0.122032768	2.115479924	29.73827689	0	31.80286512	2.957807296	12.7408421
TCGA-E9-A5UO	0.041863175	0.023421141	30.70675335	0.957508555	1.677920921	31.09380627	0	64.64214819	8.044468105	5.491736784
TCGA-S3-AA15	0	0.033886316	10.20947997	68.16509465	10.53927979	28.29292712	0.15526746	18.94708949	6.618277273	72.58432951
TCGA-S3-AA11	0.012402902	0	14.25367155	0.573467362	7.609274576	15.97888733	0	18.14641204	2.48166483	6.791987107
TCGA-BH-A0DK	0	0.022369878	8.631229082	8.712624542	3.645396863	4.753782758	0.020499803	82.74601105	7.30557739	31.37232301
TCGA-S3-AA17	0.032323522	0.024112004	25.55655681	4.63197708	12.18403529	34.49599186	0.022096291	125.1185175	0.447766971	23.45311293
TCGA-EW-A1PD	0	0	24.31401471	6.953766962	4.661358777	16.8096614	0.034189181	85.4567721	6.099517003	21.53918383
TCGA-D8-A142	0	0	15.86317328	27.92440209	3.968043576	19.59312175	0.025244048	90.51968554	5.949022762	25.38591539
TCGA-A8-A09X	0.009380587	0	15.5488691	22.20307746	12.18388602	8.227431825	0.038475296	141.2256818	1.135908508	24.4469166
TCGA-D8-A1JH	0.006218818	0	11.9107128	4.196812161	4.525176038	12.73487239	0.012753513	91.20193744	3.56359845	26.00609969
TCGA-A8-A07I	0.010702426	0	27.79618872	46.87323781	5.513626615	7.75278318	0	313.1580795	7.747074885	23.76964688
TCGA-E2-A15S	0.013862861	0	25.40116594	0.975093929	2.474442677	2.41372716	0	141.1929818	0.818229126	7.216134633
TCGA-D8-A1J8	0.006886645	0	9.306845886	359.0091761	7.178099048	13.61029131	0.014123088	74.19129	2.610297498	23.0422261
TCGA-D8-A143	0	0	24.59996341	13.68071703	2.806448664	14.87910151	0	87.04283634	1.860472181	20.66405246
TCGA-A1-A0SG	0.070634416	0.019758877	10.20676462	2.015124604	3.050041781	3.309807278	0.018107077	145.566358	2.309116698	17.67011242
TCGA-BH-A0E2	0	0	7.307664998	42.392767	2.236565312	10.43452731	0	77.85855702	3.018568095	14.61051825
TCGA-A1-A0SD	0.033219791	0.037170875	24.10693442	5.261509016	3.096146084	14.85940297	0	105.1277119	6.640912268	15.56925713
TCGA-E9-A5UP	0	0.117191577	11.80444251	21.33821863	6.246442928	27.55789605	0.042957844	66.1923732	2.742865675	16.10386609
TCGA-C8-A27B	0	0	5.113657586	18.5293214	10.15384389	67.31348355	0.130895502	201.8634203	5.348470783	22.66060765
TCGA-EW-A1PF	0	0	10.91953848	21.43273938	3.249975022	4.432992733	0.033964189	233.4064734	5.562463932	18.176455
TCGA-D8-A27I	0	0	24.11543209	0.075692104	7.08141585	34.49608885	0.014344728	25.42275281	11.42323086	44.0869204
TCGA-A7-A4SD	0	0.055560609	4.005348628	34.07162671	10.23236921	30.23549471	0	82.01258766	4.542930969	53.60682574
TCGA-AC-A2QJ	0	0	2.557504113	8.6773153	8.616229537	16.29764093	0.01894159	5.331216744	0.059561224	571.955389
TCGA-D8-A1JU	0.03013358	0	16.79912879	0.40760638	4.328705692	18.99970191	0	28.84819606	13.65105478	47.83835651
TCGA-LL-A5YN	0.023516191	0	10.52063519	0.381714334	15.18643241	37.50757568	0	46.33508434	1.122615007	28.79561749
TCGA-E9-A5FK	0	0	16.83705964	0.275911131	6.820391682	24.42398999	0.023007193	7.274297654	2.397445601	32.01802629
TCGA-D8-A1XG	0.018627683	0	17.89625522	1.594283846	2.807281873	8.308065414	0	60.26728475	6.626813411	7.650567684
TCGA-A7-A56D	0.063356836	0	3.508692867	2.268727879	6.668828976	13.94560624	0	34.74267668	0.519787232	32.19194475
TCGA-LL-A5YP	0	0	5.242762306	76.65202605	4.657057278	16.1849712	0.089986266	56.38737984	5.234740407	40.32649003
TCGA-E2-A158	0.056127818	0.017943865	4.457070237	1.585490776	1.138115277	7.490995239	0.08221898	72.25728108	2.184620384	63.18494631
TCGA-A7-A4SA	0	0.030415567	24.91556189	0.133704982	7.147155127	22.41053273	0	24.01635219	10.48336533	23.91424892
TCGA-S3-AA14	0	0	22.4771309	0.39071973	4.042411472	5.493644561	0.026274718	1268.727248	4.158540615	13.47502179
TCGA-A8-A09V	0.013861145	0	13.65650011	0.327263736	6.115709485	10.04994789	0.014213174	14.01008863	13.55187163	6.343069268
TCGA-A8-A084	0	0	11.87210688	18.99467301	5.257567079	3.533679476	0	89.78595862	5.318558992	10.35272072
TCGA-BH-A0H0	0.095269316	0	27.60137934	0.033472069	3.339911449	28.52020035	0	20.66496391	5.053833856	7.681319574
TCGA-D8-A1XV	0.010865843	0	10.72306317	0.577224494	2.935949474	2.809616449	0	77.70490132	1.664164342	2.386739611
TCGA-EW-A6S9	0.053422547	3.208005443	22.27836577	14.19854693	2.112683189	11.79481368	2.209432175	134.9705706	2.764003282	16.41342057
TCGA-D8-A1XF	0	0	120.1550977	0.498703716	5.943020579	1.744968794	0	749.7520229	0.775846518	7.244368988
TCGA-S3-AA10	0	0	11.14791965	8.313064793	11.1798506	41.82386678	0.215545785	42.04113605	1.658670538	32.09672687
TCGA-BH-A18N	0.070727197	0.217633139	19.06756217	1.652485313	5.310566344	4.520346358	0	205.1214588	2.153783379	5.832593049
TCGA-C8-A26Z	0.007187351	0.032168791	12.00468735	0.374741926	3.284843077	2.414125986	0	204.0291677	2.128180081	8.452834187
TCGA-BH-A0DP	0	0	10.00993818	0.734263351	9.280610367	13.51698092	0.021259536	82.39554874	11.28092581	20.04282249
TCGA-EW-A1J5	0.012836144	0	25.97343523	0.271494213	5.46041567	30.1261022	0	157.9668269	5.649452719	17.31854931
TCGA-BH-A0E1	0.019193427	0	15.29519114	1.46332834	4.349070599	9.85723086	0.01968088	89.61724464	1.758590912	12.66976951
TCGA-E2-A3DX	0.015463155	0	11.16310042	0.365087455	5.979635989	25.73315298	0.063423482	68.35204968	4.88334139	42.86392172
TCGA-E9-A3X8	0	0	4.409120175	0.267673023	9.609542519	12.42466362	0	13.61349881	2.358657998	23.76137957
TCGA-D8-A1JC	0.024946247	0.027913294	20.86823822	10.55264218	2.844970006	8.314250299	0.012789901	164.4181848	1.88128225	27.02210119
TCGA-D8-A1XR	0.070660427	0	24.79955836	5.213448244	3.268124453	17.34441393	0.013173632	81.53429287	6.198651196	5.501896741
TCGA-D8-A27F	0.006646904	0.014874943	11.61609526	192.5323765	4.725847671	30.04290598	0	87.21213763	8.966825444	19.92836034
TCGA-AR-A5QN	0.007931472	0	13.95465548	0.84268472	4.703252896	52.51352092	0.016265813	31.47625971	8.942258236	19.19433174
TCGA-D8-A73U	0.033231163	3.495258306	12.00731759	1.721745341	12.11414805	48.38245637	3.134911851	37.51378085	2.232253217	24.72840547
TCGA-BH-A0DZ	0.05691358	0	2.676958179	7.969114541	3.836399643	3.056657986	0	134.1121909	2.888552232	37.34493946
TCGA-D8-A1XS	0	0	34.94391899	13.61339298	3.184982407	9.447004645	0	1159.260335	3.930363061	13.08428532
TCGA-D8-A27L	0.013227935	0.014801234	14.41302485	5.471993774	3.551564819	12.27645036	0.013563882	57.33856829	8.234050169	23.5271706
TCGA-D8-A1XQ	0.007376265	0	21.94471251	158.7492977	10.51089909	41.03580551	0.030254394	234.1698987	19.60684819	53.44526224
TCGA-A2-A1G6	0	0	24.78267984	0.112836948	7.053912881	9.28615579	0.018094325	77.03859815	16.25358442	44.0566915
TCGA-E2-A1BC	0.019747572	0	9.980137339	0.815925586	7.015890345	7.530994592	0	196.0575303	25.60347691	11.9436209
TCGA-S3-A6ZF	0	0.057200629	43.49940083	8.792385089	2.89951118	25.49576921	0.017472926	42.44073289	2.006947774	13.54223945
TCGA-EW-A1J3	0	0	57.05547075	4.08323971	2.408748325	18.85726713	0.01498618	141.4424472	8.990129185	10.80677006
TCGA-D8-A1XT	0	0	13.3488256	138.7155395	4.393414434	6.810562432	0	31.68361689	2.453981361	22.15317277
TCGA-C8-A274	0	0	8.554656274	7.887693852	4.167673839	15.79991578	0.013970373	11.80596825	9.884113122	6.795835974
TCGA-S3-AA0Z	0.008575215	0.038380524	5.118529592	6.090735907	5.924537258	17.51015237	0.05275799	4.865994798	4.930792301	42.94326005
TCGA-C8-A273	0.007035114	0	17.14172999	8.249639013	2.691920515	15.09663782	0	239.4578747	1.829803321	16.31149752
TCGA-BH-A0HN	0.036245856	0	1.112783664	0.249599635	3.977368995	10.40833228	0.049555181	16.9956156	1.002039284	5.57495784
TCGA-A8-A0AB	0	0	30.22604782	2.945828767	2.456353419	17.77416058	0	11.99566937	2.856463123	8.041187245
TCGA-A8-A075	0.017876273	0	19.96857793	168.121171	9.010706132	5.911466995	0.018330273	297.9971167	1.849249917	37.54145978
TCGA-D8-A27N	0	0	29.48136803	29.05794381	6.373992121	28.35448963	0.015106189	155.2317739	7.010345595	57.78117434
TCGA-A2-A0T1	0	0	14.05539026	673.3264951	10.52847421	15.01835314	0.033291531	213.6286251	2.246347515	49.09125137
TCGA-D8-A1XD	0.02170377	0	5.708630315	2.797009976	1.772297374	2.065728861	0	156.1397245	3.528161518	9.187075045
TCGA-A2-A25C	0.016487171	0.012298744	17.24555603	0.454142062	7.051133604	3.870389708	0.033811786	171.9329326	12.01416924	8.223808813
TCGA-AR-A1AR	0.00618567	0	30.51829259	9.748478433	9.790192811	17.06346736	0.012685534	33.0011839	7.749595898	68.29430017
TCGA-E2-A15D	0	0.019613916	17.09173072	4.466277842	7.186957666	44.07272568	0	62.80446134	16.40004741	8.817030304
TCGA-A2-A1FW	0.007110906	0	50.57067853	0.083944782	1.994328997	2.106639742	0.014583	836.036535	5.575298308	14.81681006
TCGA-D8-A27E	0	0	10.3517312	0.073002528	4.006157029	2.612188108	0.013835015	112.863379	2.489381978	11.65914443
TCGA-A2-A0T5	0.008565453	0.038336829	8.690582518	1.651558384	7.704848476	21.3688946	0	43.53977034	2.387407521	10.55047341
TCGA-D8-A1J9	0.110289163	0.012990179	29.98208801	9.056699749	3.881361047	28.55553921	0	450.9133973	2.287539349	19.49735317
TCGA-EW-A3U0	0	0	13.63790743	2.194180372	14.45281287	42.77236569	0	49.62331969	11.18862954	49.67258234
TCGA-A2-A0T0	0	0	2.845871632	20.25643221	4.33573667	29.72395005	0.047411334	50.66947039	1.674427729	47.11354363
TCGA-BH-A1EY	0.011475507	0.07704226	19.64463806	43.11308353	6.279859162	19.64504462	0	40.29826513	1.981598051	38.29120607
TCGA-D8-A1XM	0	0	13.01440481	2.507105406	4.184153834	7.868913247	0	106.5094045	11.14335098	37.11106371
TCGA-AO-A1KT	0.014313223	0	12.02306161	4.773365449	6.205023765	31.16572137	0.014676734	181.6823454	3.871515833	58.15807278
TCGA-A7-A4SF	0.162182267	0	22.96331117	17.72431396	4.872571598	34.09095671	0.030236579	87.15417442	0.388234985	16.23779233
TCGA-A8-A093	0.007824675	0	9.7753205	2.209203626	7.961800932	6.949208433	0	60.85484636	7.225395522	19.71766349
TCGA-A8-A06R	0	0	16.91213041	34.18905418	4.378210375	6.82362582	0.01793468	72.91360696	5.139780346	28.97414314
TCGA-A2-A04P	0	0	4.784027281	0.281507537	4.049473195	19.33465111	0.11736928	25.80821763	2.21438372	11.53807924
TCGA-A8-A082	0	0	12.72595116	3.980600502	3.170854379	13.28842468	0	54.52338611	1.453091499	10.1200548
TCGA-GM-A5PX	0	0	9.512986607	0.325565157	8.975620578	51.86351583	0	11.44917923	9.953684858	18.72536174
TCGA-D8-A1XB	0	0	9.470221426	3.08111226	4.27052685	6.02444431	0	133.0586711	7.601965996	17.01978039
TCGA-D8-A1JD	0	0	47.16570403	6.668098509	4.143836343	7.889591284	0.060861174	1189.1865	3.048194685	28.54187864
TCGA-BH-A0BD	0	0.203788837	9.296733966	23.90408578	7.439356532	38.38647059	0.04668813	72.37086869	6.5058285	24.22187923
TCGA-A2-A0YE	0	0	5.44817607	87.98605876	6.965336674	38.76714262	0	11.63313984	3.177719962	13.69382501
TCGA-E2-A15G	0.02238067	0	10.65348851	0.033025689	8.822101514	9.065881817	0	30.80328109	4.822867775	5.581744286
TCGA-E9-A3Q9	0	0	10.01626986	0.041198583	5.840455861	14.6813907	0.017176975	147.9186498	16.35376984	8.049045534
TCGA-EW-A1P6	0	0	24.39655812	9.287170011	4.314855909	9.937012005	0	161.4200591	1.268305175	14.49986353
TCGA-D8-A3Z6	0.008091946	0.072435062	10.86167897	0.517432698	7.19934689	19.26233583	0	122.7375657	3.616514144	15.83648252
TCGA-E2-A14Z	0	0	15.03074371	9.772343059	6.689317248	9.271671474	0	69.8954202	5.88401569	37.95438743
TCGA-A2-A0YJ	0	0	12.23369385	34.8933783	2.671111285	12.94421596	0	109.3295443	1.327125003	82.23756409
TCGA-BH-A5IZ	0	0.023219573	4.615838868	102.3372146	7.022104913	25.62221872	0.021278466	47.41653293	3.036945857	30.53811537
TCGA-B6-A0IK	0.028194853	0	10.36234916	50.21759431	2.091401239	5.999038538	0	132.1457037	2.106068706	14.51518945
TCGA-B6-A409	0	0	10.21298523	6.637009667	4.881992133	20.86068111	0.015137727	37.42496718	3.279117966	18.18403832
TCGA-BH-A8FZ	0	0	13.98502647	3.585764564	9.807096376	43.39920309	0.020880128	70.48515255	5.983896596	30.89051041
TCGA-EW-A1PA	0.011542479	0.051661258	21.73214839	1.249048598	5.299945937	16.67763277	0.023671243	90.37424191	3.283343001	14.59596248
TCGA-D8-A1JE	0	0	3.887227244	13.72265632	2.332283661	13.65621525	0	38.2614594	10.42417351	26.29699887
TCGA-A2-A0T6	0	0	11.97374953	42.36033126	3.176513286	8.733332838	0.029964955	52.89479572	8.351896839	47.79100763
TCGA-EW-A1J1	0.006640714	0	25.70804132	4.089560594	3.262141911	7.157505214	0.013618734	295.6623558	1.961562161	11.25909123
TCGA-E9-A1NH	0	0	5.900104706	2.796888878	3.487170863	11.78125541	0	24.76577473	12.00330351	14.61021729
TCGA-A8-A07G	0	0	10.40982474	2.318968229	2.907242508	9.976007613	0	195.2303293	3.550354803	16.60081947
TCGA-A8-A07F	0.007374705	0	18.75725828	8.669620309	4.858646678	8.068396501	0.030247995	20.1481852	4.788718285	18.7975037
TCGA-A8-A0A2	0	0	18.86559133	0.129430873	3.626610181	18.6925384	0.014200993	157.883242	1.876732237	14.15932844
TCGA-AQ-A7U7	0.039945757	0	8.740864855	0.39296892	7.155710032	19.85329571	0.081920505	24.92305704	2.34162294	29.44568236
TCGA-A1-A0SP	0	0	12.05281566	8.672365953	6.579970154	33.27213467	0	45.27061711	2.261406792	30.63392368
TCGA-A2-A1G1	0.006167869	0	12.16635949	149.6593303	3.807767108	12.20978748	0.025298053	173.3857023	2.338959173	56.8171263
TCGA-A2-A0YK	0	0	33.61298175	0.250192676	5.556952716	16.08037009	0.018627346	93.38172993	14.15516443	31.42325484
TCGA-D8-A1JM	0	0	10.40033042	0.524310535	5.060279162	46.6640736	0.014194898	84.05501445	5.686054455	14.34329922
TCGA-E2-A154	0	0.027866366	23.68013735	0.78399262	5.100092078	9.740280426	0	73.04040583	2.513824891	8.452468648
TCGA-E2-A15P	0.006645045	0	23.1923436	0.366077872	6.511492904	25.02227547	0	191.029102	3.541208734	14.46441858
TCGA-A2-A1G4	0	0	18.0814797	0.941504713	3.529432857	2.064134337	0.013351793	493.5580816	2.678830681	9.697704982
TCGA-E2-A1L9	0.006447514	0	10.24175356	150.2858935	5.703229281	17.65592134	0.039667562	90.51039733	6.002216492	24.05132781
TCGA-A8-A08G	0.048005633	0.030694463	18.68998703	3.177624794	3.072723615	21.83631667	0.042192706	209.0695408	2.553967128	19.34762231
TCGA-EW-A1PH	0.016393066	0	8.16625622	9.482548024	2.929574277	11.32123909	0	61.04214195	12.03809374	29.331704
TCGA-D8-A1JL	0.012180581	0	20.23137353	43.49728744	4.530595708	27.35300743	0	22.48994347	6.76497803	21.69686477
TCGA-D8-A1JJ	0	0	28.64141787	3.917739314	4.4378587	18.70429154	0.029484257	277.7038803	4.980710974	24.9513568
TCGA-BH-A2L8	0	0.662098694	14.48760999	2.010922365	9.617044501	20.57283415	0	50.88738809	5.770278568	35.50231738
TCGA-E9-A243	0.005060999	0	7.154843415	1.065461041	8.659272211	31.18374848	0.020758129	32.22699584	1.794108486	47.91782565
TCGA-BH-A18J	0.008242879	0.018446534	27.1338712	3.770677596	6.022669306	11.3424109	0	79.98968363	3.025432803	22.04772456
TCGA-A2-A1G0	0.015814744	0.017695713	13.94259902	0.085568203	5.591595404	23.2153396	0	302.6886326	7.19977529	15.81298924
TCGA-AR-A2LH	0.013525007	0	21.21272054	0.478991228	4.180650509	36.67671887	0.055473999	39.60072232	4.578950708	59.14857806
TCGA-C8-A26V	0.011097194	0	14.99548646	29.26284331	5.657695959	4.563703207	0	70.24261553	2.970815868	10.79973119
TCGA-AO-A0J7	0.008650817	0	17.28880008	0.706354604	2.355942178	22.90824589	0	159.6172598	2.572360792	6.307599954
TCGA-BH-A0HI	0.008789906	0	7.662433765	7.713236454	6.260763446	17.4003193	0	39.75325109	4.633841324	9.47944173
TCGA-AR-A5QP	0	0.023426625	16.51426815	0.597295689	9.053943434	19.47133406	0.021468209	23.99913092	3.155909991	40.34337678
TCGA-AO-A1KO	0.014057713	0	15.77570308	0.020744047	5.039480942	9.96414311	0	23.67196773	11.25612381	33.88058315
TCGA-BH-A0AW	0	0	6.545710556	102.0876532	8.25604542	26.64717735	0	75.87033735	1.547228191	41.41809827
TCGA-A2-A0T4	0.023528507	0.026326933	28.1472806	0.798547986	7.056512349	24.73280728	0	108.7231614	9.634679112	27.64427389
TCGA-E2-A15L	0	0	11.76835534	3.167332438	4.708880341	17.54308966	0	12.16341476	8.642534785	11.51914957
TCGA-A7-A26J	0	0	16.76610538	1.21507452	5.402920843	9.139725406	0.014310805	169.6189101	8.70497474	12.73070292
TCGA-E9-A22H	0.006321314	0.014146312	7.611672436	0.32958752	4.872716262	10.57100808	0	91.74549569	6.219902741	6.147048437
TCGA-E2-A15E	0.018584004	0	29.12534306	0.210244512	7.007706764	5.783294584	0	176.0891809	1.463069016	46.18554947
TCGA-A2-A0T7	0	0	21.62410661	4.570862522	5.68175398	24.00848959	0	224.1417988	4.917519133	25.63696222
TCGA-A2-A3KC	0	0	33.56154417	0.385129429	7.161203235	12.63236576	0.019115772	10.3494684	6.912527331	34.03871196
TCGA-BH-A42V	0	0	15.43005495	0.39213458	11.36751663	15.11133239	0.030276509	66.2990327	6.07319091	22.98700147
TCGA-A1-A0SI	0.0136884	0	15.8865656	3.985951002	5.802477571	17.95517062	0.028072084	84.63815932	5.171254715	37.05689154
TCGA-D8-A1JP	0	0	8.380191126	5.154836707	4.121443039	9.260004674	0.024257476	23.10714561	4.2460784	20.92959055
TCGA-B6-A0WX	0	0	8.520175575	1.17292102	2.880978689	28.48834541	0	11.69579863	3.358644983	15.84960667
TCGA-E2-A155	0	0	28.9437093	0.092592129	1.661324163	1.336535306	0	228.938764	3.536951365	8.547580451
TCGA-A8-A0A6	0	0	10.47947268	12.1575239	5.65897228	34.6242708	0.052966053	37.49301603	3.70342566	16.85174058
TCGA-A2-A4S2	0.026125384	0	14.25611456	1.490658701	7.740410042	27.81055427	0	170.5750817	9.841665589	35.47756179
TCGA-A7-A4SE	0	0	13.12171632	44.54741074	5.470873925	11.57932517	0.029453229	177.4282121	4.545840048	81.45156585
TCGA-E9-A1RG	0	0	12.18703121	38.36635748	5.17111307	9.255368869	0	259.0363893	0.832891802	89.94543628
TCGA-A2-A4RY	0.013027096	0	15.7632064	0.422911104	8.810937782	22.56359345	0	17.97672144	13.09112937	41.52112198
TCGA-AO-A0J3	0.031464916	0	26.18985674	0.451925639	1.837576091	4.239707057	0	53.38449401	2.945524476	4.598023547
TCGA-BH-A18H	0	0.056150583	26.43528398	1.283539623	8.426216875	22.65048263	0	515.9822012	4.46532335	21.0408234
TCGA-AO-A0JA	0	0	12.92254888	0.394699457	3.237224349	8.052824987	0	94.65933371	4.403928553	24.01160248
TCGA-E2-A15F	0	0	18.65326419	0.925433163	2.760449662	10.50786022	0	214.0056932	4.555498769	10.72135559
TCGA-A2-A0YH	0.078547733	0.058593344	19.85617294	4.327222519	5.936485055	14.51548764	0.017898355	517.1213193	3.120457948	118.7703753
TCGA-D8-A4Z1	0	0	18.59296407	0.055346866	5.147392873	17.33458101	0	28.28013782	7.293915346	27.34415088
TCGA-BH-A0BJ	0	0	10.6197908	0.7289641	6.135123274	16.23306011	0	27.41578399	8.333164055	18.79485534
TCGA-A7-A26I	0.023692314	0	8.350853096	5.150949535	8.052721086	13.22212194	0.680232652	32.38589939	14.02637968	18.12414448
TCGA-BH-A8G0	0	0	11.43059143	0.96727729	9.163060556	55.43098913	0	35.79163063	4.837248573	36.86193672
TCGA-A2-A0YG	0	0	18.93569294	12.4862608	2.461756101	2.656047499	0	128.1990021	3.514260609	11.30531906
TCGA-A2-A4S3	0	0	16.43331364	5.11164383	7.775156454	18.93599075	0	178.8470833	1.066500695	57.27748037
TCGA-E2-A1IN	0	0	7.952719716	26.63451876	2.198567084	5.848676215	0.01252511	107.3935778	4.906690624	21.96293525
TCGA-AC-A2B8	0	0	18.74468576	2.964674531	3.9877138	23.19542435	0	100.3929695	17.31690793	17.8178809
TCGA-E9-A1N6	0	0	7.258266915	64.85840321	4.901262175	7.301012303	0.066289001	178.7972713	4.622430842	29.38629745
TCGA-AO-A0J8	0.006145508	0	8.174628855	5.870358047	7.14389521	21.48031319	0.01260317	32.62698987	6.909976888	14.87694798
TCGA-MS-A51U	0	0	8.98538633	0.274598203	8.6845406	9.553696037	0	23.05736616	5.100079768	19.16027606
TCGA-A2-A1FZ	0.010505515	0	20.15810743	0.506408496	8.762795562	19.31542691	0	57.95790477	15.70588412	62.97000865
TCGA-E9-A22B	0	0	9.532844769	5.22311653	3.331070261	8.655225586	0	145.1238941	6.224496444	17.82732172
TCGA-E2-A15C	0	0.02223925	15.86793024	10.35303698	3.203492107	12.61564145	0	53.43509487	8.991419889	11.22505364
TCGA-A2-A3XV	0	0.035631276	3.790695549	0.148801272	13.39641643	3.723904299	0	403.8962794	0.413552019	5.173139598
TCGA-BH-A0WA	0.008400155	0.056395495	10.33804011	131.9383191	5.376221202	36.2918778	0.068907934	143.060428	6.158793912	25.92162726
TCGA-BH-A0H7	0	0	7.366113201	21.9754462	3.344402648	52.91458194	0	434.0439992	2.094389069	26.25245259
TCGA-EW-A1P5	0	0	6.988473531	3.920675306	6.84007373	7.016430675	0.019600143	56.4058084	3.345249289	17.85880798
TCGA-A2-A4S0	0.040156069	0	12.27299133	0.408205803	3.633889464	1.982737863	0.054901207	51.99291246	1.402660128	5.574060577
TCGA-E2-A153	0.024027397	0	7.160314375	6.228376982	3.302598322	7.01676514	0.024637617	242.8297649	4.024250324	33.00422548
TCGA-AR-A0TU	0	0	8.292945111	2.744071088	8.429226454	33.35647973	0.865705249	112.3798031	3.76153433	35.67404252
TCGA-E2-A15A	0	0.035414748	93.95557891	35.97011196	6.079031661	8.261038966	0.016227075	771.1277548	1.292646471	35.77466513
TCGA-A2-A1FV	0.006975395	0	20.79329007	0.14410387	2.185953059	3.707000345	0	110.5415999	9.442453995	9.53357783
TCGA-BH-A5J0	0.020901942	0.07016391	11.61865904	13.32444711	9.065812857	14.36043317	0.021432785	80.41911207	4.964743556	46.924515
TCGA-A7-A26G	0.005865052	0	12.4503119	0.657755212	3.116815412	18.21378964	0	30.74586066	5.741544281	51.16925196
TCGA-A2-A0YT	0.027709319	0	79.01113613	1.6014791	2.869840084	7.38091551	0	751.3811094	1.582131958	19.26862557
TCGA-A7-A26H	0.017571541	0	23.24362308	5.779324271	6.347966126	11.83068319	0.012011868	52.59622171	4.429691324	17.18094197
TCGA-E2-A156	0.060676379	0	11.12321415	1.532063173	6.096148984	0.932947638	0	356.3982949	4.412780667	12.21722834
TCGA-BH-A0HF	0.010358918	0	9.342102588	12.62621639	7.980630719	25.70858996	0	49.7471578	5.991686365	39.85883982
TCGA-D8-A1X9	0.00616631	0.013799433	23.97525072	36.56066642	4.075706562	7.667747767	0	275.8176802	2.37260966	23.39739776
TCGA-BH-A0W3	0.012402929	0	2.394534185	0.146417519	6.188183174	10.84600574	0	8.907361557	8.184846223	4.464937224
TCGA-A7-A26F	0.111672006	0	9.399368096	123.6452289	4.099955291	3.60035526	0.486659511	158.6625113	21.70154583	28.58562735
TCGA-A2-A4RX	0	0	7.121450579	32.91087806	2.44224081	6.642197201	0.030038469	65.15837937	6.320614094	35.37960618
TCGA-BH-A0EB	0.015573521	0.017425799	12.45417233	3.010488168	6.438450353	14.15484302	0.031938079	76.2417394	4.828925923	18.77285956
TCGA-C8-A27A	0	0	34.02043811	0.321770671	3.244254744	1.517251729	0.013415624	181.3402647	1.95925891	10.47250199
TCGA-E9-A24A	0.007474476	0	12.73579674	22.91214505	3.777167852	19.40954801	0.015328608	59.11459673	4.265728179	25.41381863
TCGA-E2-A1LA	0	0	15.96741778	59.10639747	7.323173639	21.0452227	0	224.6997884	4.924294336	35.6686617
TCGA-A2-A0EX	0	0	6.209904659	0.25014186	4.310743666	18.78150667	0	115.9805451	5.346587282	18.48314581
TCGA-A2-A0CM	0	0	11.57076169	25.80506029	9.753369528	10.3877267	0.190087194	37.63838114	2.336931332	22.18011217
TCGA-E9-A1QZ	0.007523162	0	66.96088541	0.333043134	6.35236696	23.6953733	0.015428453	102.8885479	25.5966724	32.70577073
TCGA-BH-A0W4	0	0.017955789	14.74913432	9.306148412	5.972215185	7.282249394	0.016454723	133.1759603	9.714438898	25.02885823
TCGA-A8-A07U	0	0	9.811869413	7.412023771	9.687690281	22.81469699	0.019266235	181.3291003	7.185705526	34.69355322
TCGA-EW-A6SB	0	0	3.153400583	5.225061658	13.92353376	66.91608251	0.061022166	25.81094215	3.667083026	42.54026639
TCGA-A8-A09Q	0	0	26.01523856	5.44498355	5.842093062	10.92784879	0.029482904	622.0245186	2.165763069	24.65964721
TCGA-AC-A3TM	0	0	4.507180098	0.395787101	10.05801719	24.46529504	0	6.532646205	1.324244229	33.047522
TCGA-E2-A159	0.008950563	0	11.10261969	67.71178455	7.905853171	13.75832718	0.018355759	102.8413726	1.619341325	36.53554465
TCGA-A7-A13F	0.009399239	1.135853538	15.57701167	4.845197989	3.946137703	7.12019298	0.057827699	98.025877	3.230980385	16.47372556
TCGA-A2-A0D4	0.006253262	0	14.25461404	0.135337095	5.77736018	49.8565806	0	154.1522257	3.709911958	13.02976029
TCGA-A2-A0YD	0.016024677	0	15.85431743	0.874922959	6.272139162	13.13860202	0.065726612	24.15774742	11.04420766	24.21156523
TCGA-BH-A0AY	0.019308859	0	15.71207887	3.447631081	6.092296436	11.82956632	0	107.5719222	6.874330383	65.80630126
TCGA-D8-A1X8	0.04109339	0	11.31322491	0.533621655	6.858826711	10.4441075	0	168.9142669	4.08978857	16.37284852
TCGA-BH-A1F0	0.005431533	0	18.66195452	8.880572871	7.270655002	44.08488128	0.03341686	36.87938731	5.094349142	68.76278356
TCGA-E9-A1NG	0	0	8.092868706	13.34443431	4.031692838	5.91929757	0.013923201	59.12743719	5.343721826	46.05357731
TCGA-A8-A06Y	0.01021644	0	10.27822711	1.989996525	3.350140328	34.16950117	0	218.1743969	10.06535096	25.60449696
TCGA-AC-A2FM	0.04257852	0.304913339	23.35116573	0.033509512	5.239012186	2.002763422	0	175.659085	2.423879972	6.832590748
TCGA-AO-A0J5	0.006101925	0	15.1993656	0.414193745	3.135735478	67.12763181	0	205.3985881	5.730775663	16.83776983
TCGA-E9-A3HO	0.04801421	0.343839402	22.52513399	0.387321124	7.677316417	13.3010982	0.019693447	38.09872196	3.803252632	16.53028901
TCGA-BH-A202	0	0	30.62277503	18.02642616	4.384456596	21.01331993	0	731.2334812	2.340738247	15.74829116
TCGA-AO-A0JG	0.015308277	0	10.7146232	0.082827879	4.7744094	23.51117306	0.015697058	13.7963004	5.824350081	18.87344254
TCGA-BH-A0HB	0	0	9.647597081	7.848503152	4.716795677	6.341987822	0	507.3914146	2.23071399	55.55359534
TCGA-E2-A574	0.053838191	0	12.25360508	1.949062763	3.23626319	36.59364698	0.309150857	20.47072207	0.609500673	175.1456403
TCGA-BH-A18L	0.147076319	1.382381529	106.4198943	0.506405416	4.13119956	3.955884578	0.015081159	2542.715603	4.598638344	9.781564966
TCGA-AQ-A04J	0.014481023	0	10.41133515	8.276808935	5.033358339	43.74744796	0.029697591	59.26879187	6.283906126	21.17794086
TCGA-A2-A4S1	0.043762743	0	10.41258651	1.061946285	5.276205476	4.369026998	0	5.214426357	0.44683383	66.97749221
TCGA-E2-A2P5	0	0.019535062	7.975512651	0.34349977	3.049081429	6.16465783	0	48.62243407	1.626218524	13.69500868
TCGA-A8-A0A9	0.014262155	0	60.99758498	3.91450553	6.51519984	9.516037046	0.014624369	150.4429434	2.900941371	15.08183353
TCGA-A2-A0SV	0	0	22.98697159	28.90269707	14.14079085	13.13660978	0.026970539	146.391929	2.250945599	40.97404351
TCGA-E9-A247	0	0	15.53228759	20.37520743	4.583846921	6.923306026	0.029713396	34.65121205	1.313250277	11.1775167
TCGA-BH-A0HX	0.056515269	0.210790208	25.57010763	11.22137926	2.520907661	17.28755292	0.019316859	123.2395446	4.606211233	24.31769078
TCGA-E2-A108	0	0	15.10967143	15.30228473	13.17914188	27.01244024	0	85.17805066	28.20236195	147.1812392
TCGA-E9-A1ND	0.011434476	0	4.168715716	28.79677092	5.74410275	33.48888641	0.070349254	139.3989761	9.145435577	119.782687
TCGA-D8-A1XA	0.019759773	0	16.88105275	0.544286466	3.995868175	19.33978373	0	176.5493697	2.86349963	16.66056834
TCGA-AR-A2LR	0	0	13.35425651	8.039672616	1.336219897	7.791236571	0	34.31151477	12.86217901	79.51099108
TCGA-A1-A0SO	0.021955398	0	6.731882752	1.54071167	3.407344032	22.47058033	0	52.2518973	1.746187716	44.17942701
TCGA-BH-A201	0	0	6.844629001	5.318347582	4.724345197	32.84734867	0	40.00112491	9.777266923	17.7860669
TCGA-E9-A1R0	0.028437016	0.015909624	5.695776158	0.482570384	8.236854079	12.61842765	0	42.72074001	19.81018878	32.8637728
TCGA-B6-A0X4	0.105914912	0	10.60317574	0.221413242	4.301785679	3.225513847	0.29866324	205.9952253	3.578681228	4.129900031
TCGA-E2-A1IJ	0	0	10.60521549	0.886403016	3.995130917	25.02063815	0.029803959	99.1753962	6.484737016	20.87139207
TCGA-E2-A10E	0.007605412	0	17.11014842	2.409163037	5.895065444	11.56216465	0	25.31683238	5.686458443	10.23223395
TCGA-E2-A1B6	0	0.049803271	12.29013857	3.661640105	10.05454202	108.742194	0	72.01409889	1.483963919	25.12500522
TCGA-EW-A1J6	0.008585354	0	10.98414279	0.177363832	3.817329195	6.202453648	0	37.80414568	0.936574147	20.84221958
TCGA-E2-A10F	0	0	11.34661978	1.375158033	7.224863942	19.8350553	0.036518873	34.21427504	6.657091218	22.35498307
TCGA-E2-A1LE	0.009467729	0	7.490307526	59.1621364	3.01152728	14.52253122	0.058249075	17.13709071	2.978084223	43.19578081
TCGA-A8-A08C	0.008483799	0	19.33171721	0.308801656	6.528763081	9.673151515	0.034797041	228.4775504	3.622957615	7.305221688
TCGA-A8-A06U	0.009488631	0	20.17324214	4.471225794	4.300089164	20.29382392	0	36.6544705	1.512725753	17.18764059
TCGA-AC-A4ZE	0	0	27.5648528	0.2263622	8.986171027	11.07962971	0.036299026	137.3094773	13.47023841	13.08114901
TCGA-AR-A2LQ	0.020378582	0	16.09225092	0.471117651	4.530491963	12.1870412	0	525.4310962	11.86197926	70.61770626
TCGA-E9-A2JS	0.008088863	0	42.69948237	12.43752601	3.288789279	7.399300267	0	103.6553996	1.887985024	15.57133814
TCGA-A7-A0DC	0.069673519	0.022274378	47.90229024	2.19333653	2.259603724	11.47159595	0	216.7149353	7.491907506	2.414048186
TCGA-EW-A1P4	0	0	4.643081581	110.3414299	5.581017598	13.06226809	0.017635815	173.9128485	0.999735043	19.49923546
TCGA-A8-A09K	0	0	10.38169083	0.041758422	3.620491147	19.48360076	0.021762987	324.3271803	2.020674967	10.9588332
TCGA-BH-A0DI	0.00913069	0	13.87051024	2.092893266	4.781980001	37.06339118	0	37.21552557	5.138974299	45.47428738
TCGA-A2-A3XU	0.016311301	0	3.334474616	0.65790017	4.755990998	3.640121304	1.354770037	7.077464881	0.439735722	28.45141483
TCGA-E9-A22E	0.014411538	0.032251224	9.801935521	31.870889	3.598249097	11.61000826	0	95.34439288	5.366998396	29.92452878
TCGA-EW-A1P7	0	0	19.29917964	10.32564119	5.525911417	19.49518846	0.060749043	26.73394059	7.752367301	41.9319011
TCGA-E9-A3QA	0	0	17.86420016	40.19920656	10.9014076	32.85520838	0	38.50707602	2.180265838	24.88629741
TCGA-BH-A18P	0	0	7.831329426	99.51759464	2.51672306	37.89099009	0.079685024	25.86850502	2.832799278	12.20218085
TCGA-BH-A0GY	0	0	26.0312429	13.27820042	3.256620243	12.2107695	0	123.1068309	2.97053643	30.19195133
TCGA-A7-A0CJ	0	0	34.68380652	2.947480567	8.284571969	10.19406912	0	20.20602321	1.108246721	12.76116259
TCGA-E2-A570	0.011877887	0.159487374	4.021810795	2.442153782	3.041823784	14.17584157	0.073077283	30.2359645	5.506429702	12.36576345
TCGA-AR-A2LO	0	0	15.93985956	0.823762266	8.124278631	14.67099101	0	31.11441792	6.128081044	26.08167431
TCGA-A8-A092	0	0	23.8942031	5.365174576	5.824518303	13.6205279	0	510.3602234	1.970634677	36.49076934
TCGA-BH-A0EE	0	0.016390317	10.97252451	2.075064043	2.752380038	20.82708726	0	211.2583958	0.837025717	4.893332023
TCGA-A8-A06X	0	0	23.93812604	15.87260059	4.616743979	9.011913489	0	182.0820192	1.238978715	19.63526416
TCGA-A8-A08O	0	0.024602642	17.98911433	5.385955371	5.146690282	3.321232915	0	272.1646361	7.124937771	11.26084502
TCGA-A8-A08P	0	0	59.44584206	217.4903157	12.52777433	35.34544287	0	572.725832	1.742837541	24.1367466
TCGA-EW-A6SC	0	0	11.47937704	1.919309976	4.100330871	5.270254451	0.042116855	36.13362236	5.720460802	38.87629362
TCGA-BH-A1F2	0	0	29.45472947	35.05867619	3.745683068	7.147445129	0	604.7886403	14.79741575	16.26622745
TCGA-A2-A0YM	0.007470496	0	11.39480638	169.9637455	7.18621188	28.73723812	0.030640892	62.2719131	3.297287389	29.30889963
TCGA-A7-A13D	0	0	8.45849289	2.085495052	1.90769303	23.58036078	0.087652015	86.11844813	4.388466368	159.1883742
TCGA-A1-A0SK	0	0	19.97305191	0.820867231	3.11980389	14.23289459	0.01614364	41.59906292	2.026296188	16.14430736
TCGA-A2-A0EV	0.017014975	0	5.665776598	11.34876347	4.230084832	18.8918238	0.017447101	90.34921984	8.579784019	25.01351925
TCGA-E2-A14X	0.005823127	0.013031432	16.3150073	1.959160018	3.233951194	6.465451209	0	49.92478614	3.427602632	14.2031222
TCGA-E2-A14W	0	0	11.10074532	0.959121492	2.728752041	6.599273901	0.092997137	208.3352891	1.053953947	8.317863798
TCGA-BH-A0BC	0.007346532	0	10.27751518	1.004580452	8.172552554	20.26098663	0	37.15790403	5.20864571	26.3067429
TCGA-A8-A07L	0.008837293	0.059330281	14.6978956	9.354467948	2.557855437	4.191241183	0	71.76785739	2.070587888	12.38836202
TCGA-E9-A227	0.043689339	0	26.88415652	1.210593881	3.938064294	9.655343906	0	193.5497114	3.408240907	16.98285931
TCGA-E9-A1RB	0.012211939	0	26.97431351	37.23006169	5.14789407	18.83104358	0.025044167	93.75771202	2.47517462	51.36641515
TCGA-E9-A1RA	0	0	13.89219079	5.925468478	3.892217436	11.29908579	0	54.25096728	6.838162013	12.59823585
TCGA-E2-A1B5	0	0.021463724	18.87354801	0.207577093	5.584886608	9.969874712	0	91.75583584	10.4990048	17.29281831
TCGA-A2-A0YC	0.100151387	0.400225563	17.86563017	8.480149874	5.046391408	6.302155913	0	148.1607803	5.234649976	14.02203883
TCGA-B6-A0I6	0.011049515	0	3.927251835	11.4570123	3.35405071	15.13980638	0.045320551	83.24367589	3.475636789	27.6923549
TCGA-BH-A0EA	0.012135169	0.027156996	11.6747945	0.811787391	6.635664812	43.39351062	0	450.1307383	20.05949891	27.32192551
TCGA-AO-A0J2	0	0	6.311052592	42.92371352	6.341816843	17.3563178	0.041090394	110.8040551	0.675946281	68.54794553
TCGA-AR-A2LN	0.068000887	0	25.75090945	0.401377825	6.198260606	11.26562467	0.027891157	16.56046579	16.8340756	29.03331192
TCGA-E9-A1N4	0	0	16.48676238	1.145332212	7.138535247	16.71541889	0.023639839	29.38901113	8.716778303	38.08553938
TCGA-AQ-A54O	0	0	8.041721889	0	3.750590509	45.39259144	0.027849733	94.30206968	2.624745352	19.58572783
TCGA-BH-A18F	0	0	14.14966767	1.026193426	4.406225099	36.08791683	0	84.60411704	23.71022804	19.93755305
TCGA-A8-A08F	0.01038686	0	25.55081155	113.7176729	13.64185848	15.94588089	0.063903919	300.053928	2.052231924	51.10465071
TCGA-A8-A08S	0	0.016585188	16.89184599	5.096232589	4.54361708	19.33172406	0	104.3269817	1.740419185	10.22520898
TCGA-A8-A091	0.016857285	0.037724501	41.88552729	6.683134635	2.097242549	3.661573997	0	30.56132001	2.775043408	11.63122117
TCGA-E2-A1B4	0	0	4.257424219	0.823251619	7.718185317	5.498211195	0	109.9891443	2.799810055	8.369374682
TCGA-A8-A09M	0	0	22.78802515	1.094047723	7.852687387	22.65612978	0	216.1041726	0.983411339	19.00369977
TCGA-A7-A0DB	0	0	9.428331533	0.943587105	10.02883353	37.91943112	0.017254865	47.57341959	8.320970809	35.05660922
TCGA-BH-A1FD	0	0	31.14708551	45.47992827	5.482985522	3.488770911	0.028791378	398.0607278	2.503504694	20.7244387
TCGA-EW-A6SD	0	0	3.739115448	20.15761208	6.866412334	5.55664163	0	143.3738661	2.298104536	28.28671975
TCGA-D8-A3Z5	0	0	17.39552938	0.026430265	12.55457987	37.68487943	0.018366004	42.50603063	12.29140456	17.62225687
TCGA-E2-A1II	0.041815315	0.031192487	5.678220417	0.589617168	13.92646475	36.84701639	0.028584861	88.78118196	4.047284978	100.9813363
TCGA-AR-A1AY	0	0	23.84135594	151.5877224	5.986480982	25.71287313	0.018731966	58.22217856	4.546912506	136.848623
TCGA-E2-A1IH	0.00755596	0	12.63150949	5.14379071	4.726090444	15.9983255	0	104.298399	4.23778938	19.78969256
TCGA-A2-A0D2	0	0	3.076405221	11.6001059	6.421104148	23.22257501	0	146.1975238	6.096074576	22.25658205
TCGA-A2-A3XS	0	0	8.865679755	0.71485606	3.977256891	15.19530967	0	35.92949342	1.745083236	19.7691177
TCGA-C8-A3M7	0.008453469	0	13.85989236	0.60707919	3.892411048	21.66069391	0	25.97664165	12.79855915	12.398334
TCGA-BH-A1FH	0.014328648	0	15.87460089	0.338301557	3.727638983	28.2204088	0.0293851	13.35362904	6.231900964	56.08425613
TCGA-A8-A07C	0.012372968	0	3.561209736	10.97304529	4.033497534	41.09677422	0	19.86458111	1.617943703	14.89121043
TCGA-E9-A226	0	0	17.53952456	9.545956745	2.349416683	5.572592199	0	189.2350602	9.007977135	9.286569037
TCGA-E9-A1N8	0	0	7.406950587	7.567806951	3.649936162	41.35812917	0.047447443	15.79609619	5.847692328	18.37804162
TCGA-E2-A14V	0.015877191	0.017765586	48.19382735	2.928616303	4.547958712	5.97245299	0	366.0521903	4.783726044	15.08226255
TCGA-A2-A0EU	0	0	13.64260034	3.891309551	2.553687126	12.71368353	0	133.2860079	1.789195821	12.64358741
TCGA-A7-A0CG	0	0	14.89070484	1.63681048	6.126099234	19.02615388	0	140.4136901	15.53238673	47.00829529
TCGA-E2-A107	0.025958453	0	16.84834505	0.519248129	4.472516109	48.40176846	0	91.50482631	4.285676114	5.82729991
TCGA-E2-A2P6	0.022947296	0	7.614070199	0.240795182	8.002253246	29.28016541	0	48.22899422	12.48231957	16.02573789
TCGA-A2-A0D1	0.019969931	0	16.83657748	2.740553735	3.167513912	26.18821157	0	83.09828016	3.076391983	6.275132371
TCGA-E9-A1RH	0	0	9.718544407	112.2709967	2.965537643	1.681380403	0.014383384	63.49747441	1.309101941	17.95188906
TCGA-E9-A1RE	0.007102728	0.015895019	29.62691157	1.970433724	2.605436654	7.724691606	0	173.76304	2.592961143	7.789923105
TCGA-E9-A1N3	0.098535599	0	7.029573146	0.193870041	6.274124374	1.894896051	0.067358727	268.4413221	5.221051557	5.826808211
TCGA-E2-A573	0	0	3.783606253	41.63251161	7.660048637	25.19599686	0	40.1294935	4.795639291	18.25694251
TCGA-A2-A3XY	0	0	13.65693165	58.67016305	6.07161198	15.49439478	0	72.16822586	13.8106373	40.33199183
TCGA-A2-A0ET	0.093555206	0.064419964	15.12385976	0.134513463	1.313773614	16.74285233	0.014758648	61.32275987	9.523972771	3.671975982
TCGA-E9-A1NF	0.093940322	0.026278341	11.02321355	11.35541794	3.489112054	9.85655369	0	141.4145236	4.339382556	53.35948944
TCGA-A7-A0CE	0.016124952	0	13.99473933	5.980360131	3.457302911	6.081366595	0.016534475	70.96851371	9.082736014	37.30095567
TCGA-A7-A0CH	0.033033911	0	8.76675223	0.584951757	4.783001371	20.77475329	0	91.88656585	14.01818255	10.46419668
TCGA-E9-A1RI	0	0	8.222713704	4.414571039	1.872539663	11.22237928	0.031516652	116.6139781	5.603454767	16.16921457
TCGA-A7-A0DA	0.015971281	0	14.99762396	8.625805078	2.116749649	18.01835154	0.016376901	8.306680489	8.598508663	16.59683848
TCGA-E9-A1NE	0.013346256	0.059734512	25.04555724	0.111600443	5.31508676	13.50913115	0	34.94578696	4.419219283	25.8039693
TCGA-BH-A18I	0	0	31.37365737	11.74088497	4.002907373	17.64775709	0	106.9544391	11.23708368	26.76186704
TCGA-A2-A04Y	0.666557097	0.889265795	15.26472375	7.736350308	3.123754699	2.23603616	0	156.0598127	5.369551836	22.77923011
TCGA-E9-A1N9	0	0	43.77562283	0.6230524	3.011753908	6.258666176	0	64.48021747	3.747823611	14.12690025
TCGA-E9-A1NA	0.014495648	0.016219726	41.15250609	9.162169208	5.989734076	28.78475578	0.014863791	119.0528557	2.780953661	17.89919857
TCGA-BH-A28Q	0	0.014091917	18.7282973	4.354888795	5.691244381	27.20138706	0.025827725	83.83886979	6.817502494	12.32366708
TCGA-BH-A28O	0	0	14.83282912	0.062637854	8.178216581	25.69456893	0	34.42440194	15.27853978	44.05286054
TCGA-E9-A1N5	0	0	45.2731738	6.207669154	4.258548395	15.45296722	0	156.2301511	4.426963172	22.10212947
TCGA-BH-A0HQ	0.032045585	0	6.508421688	0.966768123	2.991274729	25.20538338	0.021906294	116.5489198	7.81063963	19.06390712
TCGA-A8-A085	0	0	20.7002072	2.621339785	3.372061892	13.84925076	0	733.1934312	2.461021077	6.674028066
TCGA-A8-A08J	0.007595553	0	37.67155497	71.35178014	4.585240536	6.000583274	0.031153822	411.3908952	2.178298321	30.95814499
TCGA-E9-A1R7	0.123061544	0	23.38796169	0.234054311	1.767786	25.04592435	0	16.01519535	5.45366813	4.342498512
TCGA-BH-A0BA	0.036610825	0	22.14473659	0.117052428	2.73132263	23.6248256	0	237.1829854	10.40929953	23.46909503
TCGA-E2-A1BD	0.006143128	0	7.939339268	0.350513784	6.269169817	12.18475735	0.025196576	80.36465883	5.84870184	13.99503186
TCGA-E2-A1IF	0.086037312	0	12.16582005	20.71793027	7.213683547	36.30811093	0	46.34784953	4.668064269	36.31700055
TCGA-A7-A0D9	0.028146071	0.041991598	11.52980548	2.4366211	3.080532543	2.450321664	0.057721784	73.7094373	6.924053188	13.55984887
TCGA-AO-A0J6	0	0	5.954665431	62.87476431	5.041119233	14.23949799	0.08984585	25.52287354	2.437273178	25.58060915
TCGA-E2-A10B	0	0.015951627	19.97311802	9.319264198	3.056596301	24.52548431	0	60.43994596	5.741939814	17.66857666
TCGA-BH-A18R	0	0	20.42821379	6.153752507	2.509881565	4.10565169	0.029221999	47.63319375	2.413326846	40.20500294
TCGA-E9-A229	0	0	13.15873239	15.79274121	5.143277095	8.26005565	0	151.7729244	4.78562098	18.75572089
TCGA-BH-A0B1	0	0	67.0025947	5.971507418	2.943553678	6.018098334	0	75.81992577	2.232759029	21.01087374
TCGA-AR-A1AS	0	0	8.770429578	8.800468256	2.68350734	5.312275224	0	216.5571216	5.378645582	22.97005445
TCGA-B6-A3ZX	0.017029181	0	11.34604113	0.376932701	6.625264145	67.61484978	0.034923336	9.096936206	0.997489095	44.93204598
TCGA-BH-A0DH	0.009273518	0	13.1813483	5.856890126	6.113598723	9.199920165	0	201.5842294	6.458585458	6.67675752
TCGA-A8-A08B	0.495399236	0	32.08809892	18.37723701	3.909451868	17.91641313	0	199.8309277	0.857825057	14.12165644
TCGA-A8-A0AD	0.043536862	0	5.500724996	0.535370802	2.20103184	29.35285731	0	118.5522227	4.104080614	12.49346022
TCGA-GM-A3NY	0	0	15.44092037	0.353021159	6.777150279	17.85028809	0	5.07803903	4.816851905	13.51206111
TCGA-E2-A14Q	0	0	18.63845757	0.958244594	3.99212088	11.38554464	0	92.9406145	9.926030891	14.43556749
TCGA-A7-A0CD	0.007121302	0	15.63001485	0.609489425	3.979266417	16.60941526	0	133.8771911	2.391813426	6.186317524
TCGA-A2-A3XZ	0	0	23.54263021	8.847621153	5.03344779	18.60937295	0.051664558	77.80540823	3.164913817	23.08893375
TCGA-A2-A3Y0	0	0	10.30493887	33.87997175	10.50253967	14.56697744	0.047274491	105.2067255	1.116274868	88.55762362
TCGA-E2-A14R	0.010924973	0	10.50728416	0.720083243	9.743224582	51.72132526	0.089619458	74.82274109	0.682986995	22.06416232
TCGA-BH-A203	0	0	31.31325284	36.22185876	4.556174629	22.25521397	0.016383189	490.6548028	3.536029467	18.53466733
TCGA-E9-A22A	0	0	7.639896798	36.63824346	3.343833843	20.25340292	0	110.9407414	2.892350349	30.93280321
TCGA-BH-A0B4	0.029898287	0	16.27519721	7.89729093	3.841128452	13.40281154	0	51.32407794	2.426113725	19.65634084
TCGA-BH-A0B3	0.008953208	0	6.00754681	41.46700663	5.339750274	18.8985688	0.036722365	108.101103	8.033344084	28.06529522
TCGA-E9-A1NC	0	0.740585565	4.428697919	54.98952057	7.644424913	22.15158766	9.933322079	51.06608391	7.379424762	36.6438166
TCGA-A2-A3KD	0.029762899	0	27.77933194	0.300114266	4.898961325	6.680728133	0.015259391	45.91741985	5.058172878	43.09579899
TCGA-E2-A572	0.042882723	0.023991546	2.053932188	0.084372301	13.04901958	18.86826149	0.043971808	8.9546635	2.262217222	4.423527533
TCGA-E2-A10C	0.065842245	0.098231155	9.922461376	13.86136336	3.17621652	44.33070265	0.045009619	29.84208258	2.828660486	30.39823202
TCGA-3C-AALK	0.009594522	0	10.15386825	6.087943075	3.351300968	14.4676829	0	187.7762776	3.153741131	20.15284503
TCGA-E9-A1RC	0.005972039	0.026729356	18.46168317	0.998755274	3.536229517	19.38021674	0.012247419	97.24418845	3.451068922	13.65081146
TCGA-EW-A1OZ	0.007544948	0	15.27024869	13.76111218	4.451469468	4.41653391	0.015473132	66.30943947	1.665074304	22.85675675
TCGA-E2-A10A	0.01673518	0	14.09207923	8.890203195	3.874332553	6.98560512	0.0171602	119.5391641	10.48017312	12.34896223
TCGA-AO-A12H	0.036695855	0	10.42754123	0.830294954	2.152480279	8.60646362	0	50.15561597	0.908430508	9.935608647
TCGA-E9-A22G	0	0	3.445145055	18.54876691	2.949859608	51.16870527	0.073013217	6.668127457	1.198958144	13.28900894
TCGA-E2-A14P	0	0	35.16688134	1.940408691	5.536340971	7.595920334	0	182.1011392	5.055766702	11.75879839
TCGA-BH-A0H9	0.01989297	0.022258993	11.85645861	3.25837761	7.471528336	11.51536881	0.020398188	76.65218424	6.141544006	24.19208277
TCGA-E9-A22D	0.105225094	0	16.92731166	2.490469666	9.25409786	9.800008454	0	138.5272862	2.665455995	25.28483231
TCGA-BH-A0C0	0	0.051136804	19.39342842	4.990432908	13.73082411	41.56772449	0	203.0049099	1.101074316	22.79578498
TCGA-AR-A1AT	0.023701294	0	32.4015564	2.949511683	5.770770868	10.35535178	0.024303231	90.97958992	1.600589821	27.11517523
TCGA-A8-A095	0.018178626	0	16.14738784	15.23660427	7.869083111	17.34345097	0	39.38920334	8.303627892	19.13327179
TCGA-E9-A228	0.006834907	0.030591341	51.88456801	2.655933986	7.52450476	19.41392318	0.042050954	109.4269029	2.022596862	39.22207165
TCGA-BH-A1EU	0.025755806	0	24.70266991	0.253374374	9.544695937	18.93514345	0	63.1390888	17.14421083	46.68924895
TCGA-BH-A0W5	0.017517971	0.019601517	14.68401178	0.835820645	6.058992073	17.0830346	0	138.062846	5.638953821	20.98315832
TCGA-A2-A25B	0	0	12.53617817	5.966941603	2.940102936	7.481856337	0.033618976	229.1410812	10.22487331	19.49206001
TCGA-3C-AALJ	0.022417907	0	12.36206352	19.29703819	6.26817133	18.96297883	0	22.03084867	3.148312048	40.19729171
TCGA-E2-A105	0	0	57.13130796	1.170524289	3.813512697	4.680217913	0	172.3772672	3.09411617	12.46410145
TCGA-A8-A07B	0	0	13.33031542	0.563237757	1.800302235	10.29509426	0	41.84065465	2.226507879	11.02943815
TCGA-A8-A08X	0	0	14.94944501	59.19210019	5.014873692	9.144789452	0	218.5850843	4.021544929	24.20985323
TCGA-D8-A1XW	0	0	11.02380665	6.376776859	2.130351672	34.69668627	0.014640294	33.19180111	12.11768138	40.8573089
TCGA-E2-A14U	0.016333611	0	12.70038872	0.032136586	8.421657249	25.17612819	0.016748433	53.74836578	6.084260179	20.48637821
TCGA-A1-A0SE	0.01627535	0	18.88173677	0.792543469	4.414993069	18.27680378	0	59.44791168	5.795799833	12.37583789
TCGA-BH-A0BF	0	0	19.50843392	11.49617201	7.318384283	15.09040253	0	152.8893082	3.276757801	49.49265295
TCGA-B6-A1KC	0	0.030827593	26.63773059	0.07453392	1.763878267	1.713850859	0.014125236	176.9788744	1.529896568	10.90561571
TCGA-GM-A3XG	0	0	9.387543806	0.084141664	8.278812087	11.53034148	0	19.90530961	7.444526837	22.52523004
TCGA-A2-A0SY	0	0	13.01450462	0.754610786	3.837316694	8.410327867	0.016217567	9.980790184	6.480693439	36.05526951
TCGA-AO-A03V	0.009614242	0	15.00241829	0.226993728	3.982968756	13.32313547	0	111.3739483	5.087356965	9.840489278
TCGA-E2-A14O	0	0	36.90333283	6.061145634	6.177938336	16.78303787	0.035049665	236.6593627	0.929153037	10.83860189
TCGA-BH-A0E7	0.044212756	0.016490439	9.214490673	0.579927729	3.591445216	1.795263198	0	75.61431006	1.730476415	4.720899279
TCGA-BH-A0W7	0.009856201	0.022056948	21.28931253	3.665125807	6.181696909	20.75979545	0	60.08614592	5.15712608	34.30118443
TCGA-A2-A0SW	0.010690355	0.023923682	29.64254627	148.4432899	7.331022619	30.30940446	0.043847426	133.7313572	3.328193483	53.3561568
TCGA-A8-A09I	0.00478047	0	48.32101352	53.72968671	5.624540343	9.724205763	0.049018783	185.6054609	2.276960739	20.41409484
TCGA-A8-A07Z	0.048852642	0	9.33424421	1.850275225	2.328793492	19.36058216	0	684.6692567	0.778833666	15.57447612
TCGA-BH-A1FM	0	0	19.18498832	45.24389811	3.946305269	1.451816288	0	313.7425528	3.557241321	13.76955461
TCGA-BH-A0C1	0.008294593	0.018562266	12.66405127	27.45792514	2.53198639	30.78107759	0.017010499	36.79364373	1.988006806	24.42553083
TCGA-E2-A109	0.070416089	0.192600743	59.98192293	22.42112623	3.592540953	8.315975693	0.01604543	356.2185978	1.30480534	17.52001814
TCGA-PE-A5DC	0.020335724	0.113772037	11.28891038	0.300080967	4.912201198	11.00538312	0.020852187	51.40948849	1.733936744	40.55836563
TCGA-E2-A14N	0.010358242	0	5.023919301	8.467878527	5.039603452	11.37295375	0.233668784	180.65348	6.345689341	6.430719426
TCGA-A1-A0SH	0.014546915	0	4.165447759	0.271901788	2.108330383	6.936932919	0	207.3541641	4.914499055	19.62117844
TCGA-A2-A3XX	0.008104389	0	3.492948292	7.039932719	4.500880301	23.24617408	0	32.60771896	1.287687649	89.57106182
TCGA-D8-A27K	0	0.018134587	11.37473655	3.124966721	6.66222232	15.4255239	0.016618574	43.880194	7.034315528	14.11617359
TCGA-A1-A0SF	0	0	11.68980632	0.060742408	3.867320265	33.5159423	0	6.256135763	7.115528569	29.67624823
TCGA-A2-A0CO	0	0	17.46955743	0.350763987	8.502697196	29.747424	0.06093519	79.7781645	13.63260838	47.05354941
TCGA-5L-AAT1	0	0	7.92429173	16.79001832	10.14820153	21.40952888	0.084954888	27.9161651	1.573145601	56.71265353
TCGA-A2-A0YL	0.008252937	0	22.27249088	1.006741015	4.939746019	21.31307842	0	30.51484213	9.044501918	34.39915738
TCGA-C8-A12Y	0	0.076064943	7.190258566	2.855578341	6.582864529	15.5328642	0	100.6265426	3.530152971	18.2088397
TCGA-5L-AAT0	0	0	12.42097737	1.715008581	4.686716701	20.16616495	0	10.35918136	6.743149976	20.90209249
TCGA-A8-A09E	0.009706845	0	7.160830321	13.62666579	2.772187499	40.32915782	0	180.526545	1.646625041	8.721124428
TCGA-A2-A0YI	0	0	32.53097527	0.510360434	4.965809403	28.92515334	0.0295535	84.4456527	6.466381647	29.96688221
TCGA-A2-A3XW	0	0	7.639207359	3.982741461	4.656450932	17.27005378	0	40.86496574	3.393075326	68.74548563
TCGA-BH-A1EX	0	0	6.8169521	158.5363078	3.460560422	17.90751651	0.047631863	73.76588308	6.988547191	25.57949118
TCGA-A2-A0T3	0	0	16.47320585	14.18991791	4.168624047	58.20583108	0	95.82132382	5.606414181	8.966928464
TCGA-BH-A0BV	0.009624606	0	21.05330243	0.331389367	2.57587845	33.07799448	0	147.2857721	3.180870595	15.51070663
TCGA-A8-A09D	0	0	13.3401611	6.898796665	8.088768068	20.04533365	0	308.2829901	25.5325466	43.24096184
TCGA-E2-A1LG	0	0	17.85533945	0.702519176	3.651843633	5.378216219	0.085311313	18.45831654	1.122712335	22.75908418
TCGA-AO-A0JI	0.048045834	0	12.32237978	0.321404679	2.136274852	1.279794122	0	32.6988906	8.876658541	4.448601763
TCGA-A2-A0SX	0	0	11.0820773	11.26597599	7.705151738	19.91703547	0	46.93717955	7.429080578	43.66559538
TCGA-A2-A0YF	0.158266004	0.076995561	13.13249892	0.886785625	7.004663087	10.05425225	0	250.2880598	12.449383	16.50028506
TCGA-AO-A0JB	0	0	3.758415926	1.427096833	4.793805322	13.12801885	0.035000072	132.7073868	1.699763165	26.44964097
TCGA-BH-A0HY	0	0	10.43425152	2.590093912	2.726137409	2.330585257	0.050619891	22.93655985	2.428856436	7.467479778
TCGA-AO-A0JC	0	0	16.5902583	2.333336341	14.97600489	10.26182677	0.084964259	14.62971394	1.868316454	42.34169247
TCGA-AR-A24K	0	0	21.17995491	1.109584941	6.798641579	1.230346438	0.014278414	560.5852425	2.524266204	6.515558721
TCGA-AR-A24W	0	0	17.81128758	0.069789406	3.745734292	14.05731298	0	25.15026609	11.78961358	22.88037163
TCGA-BH-A18V	0	0	14.4326158	310.8266904	9.898160367	38.64983366	0.166829751	110.5754557	3.1650313	32.88338473
TCGA-BH-A0HW	0.072447386	0.048638465	22.28697669	0.826738679	2.366378075	11.06091621	0	151.2854477	0.564519086	4.122025326
TCGA-E2-A15T	0.016074994	0.017986916	17.35380969	4.775791051	1.597871456	14.08845266	0	134.6966494	2.945731193	10.44574766
TCGA-BH-A18U	0.024921409	0	35.23683825	44.79181848	5.277621119	6.417024831	0.017036223	699.899184	3.76923476	23.53110669
TCGA-BH-A0B8	0	0	13.53875293	1.817615036	5.931401616	15.51956757	0	106.2145181	4.149781823	10.24775293
TCGA-BH-A0B9	0	0	5.705171577	1.456533591	10.72501848	42.61388303	0	33.58799498	5.717190264	26.62498003
TCGA-AR-A2LM	0.01457832	0	11.5055319	0.953710715	3.1662065	17.68758745	0.014948563	34.42814024	8.613717226	17.5898873
TCGA-AO-A0J4	0	0	13.32152837	12.0370301	5.312129011	30.0215298	0.060669894	113.1541832	16.39283256	14.87365063
TCGA-A2-A259	0.015266646	0	18.98915631	1.937407095	2.839232382	4.919555051	0	90.32735047	5.406509248	16.48172298
TCGA-E2-A1LS	0	0	2.998142462	1.161266229	1.085528638	39.14138321	0.015225413	1.347031668	1.381749529	43.19802069
TCGA-BH-A0HA	0	0	5.133071468	0.178703494	4.042784908	4.04537396	0	33.21084337	4.378383333	19.71204479
TCGA-D8-A1JG	0.568548977	0	10.94295265	93.35566498	4.621079455	16.92561853	0.012955296	316.6539851	2.323169909	22.4763677
TCGA-AO-A0J9	0	0.032289102	9.42159097	0.255493663	13.25019933	22.63798331	0	52.31861184	16.18581125	105.9070334
TCGA-A8-A06T	0.006872845	0	17.31037382	0.574702425	6.711208183	4.291019268	0.014094787	603.7329112	1.675565211	8.497059907
TCGA-A2-A0CZ	0.029206299	0	11.45256171	18.18728128	4.424422483	20.53072601	0	26.20375856	7.228471269	43.74889802
TCGA-BH-A0H5	0.009691264	0	11.09448874	0.181143016	14.85380302	24.17124821	0.019874784	44.70191721	4.855562681	32.06410351
TCGA-E2-A1B0	0.004410792	0	38.01144032	39.20416966	5.138674592	12.41382229	0	572.1130898	2.732173013	18.18282515
TCGA-AO-A12G	0.00834949	0	10.18449082	2.193101711	3.905218531	35.13454893	0	158.9643424	1.742418779	12.56423812
TCGA-E2-A15J	0	0	8.311881466	1.735852073	11.01761775	5.218723442	0	245.7260151	6.395275442	7.869612452
TCGA-A8-A076	0.028284734	0	30.26976918	95.31552058	6.127931709	12.77596233	0.014501538	133.2851355	2.466179696	23.40080902
TCGA-BH-A1FR	0	0	14.82626477	0.46519249	2.803756029	11.59341073	0	64.8700329	1.943769165	8.00088879
TCGA-BH-A0DO	0	0.020152649	32.02537355	0.248051484	5.959849068	38.71894664	0.01846793	39.87119967	9.601206841	14.5194559
TCGA-E2-A1L6	0.007808635	0	8.005693405	1.13690556	6.86716486	6.184140576	0	66.65973725	7.102879987	13.19757054
TCGA-AR-A2LK	0.007561109	0.016920819	100.734792	3.711706155	4.105416936	13.87237137	0.015506274	106.3999644	2.768426759	13.77110929
TCGA-A2-A0SU	0	0	6.947932038	1.318765344	2.948741035	46.16564577	0	270.2852211	1.468276512	13.17438144
TCGA-AR-A5QM	0.01108918	0	13.52301917	1.112723204	8.363076337	25.49649655	0	21.64313405	9.671767612	26.56540679
TCGA-A2-A0CY	0	0	12.08213117	0.404710929	6.498674918	10.52651257	0	52.79288961	0.474278188	40.16210458
TCGA-BH-A1FL	0.014792353	0	25.33576606	3.274216089	5.4957264	24.26124971	0.015168032	14.55834067	9.199911338	13.65686999
TCGA-D8-A1XO	0	0	9.329856183	0.169123299	4.709843238	14.4974329	0	20.77577222	12.08402308	9.986008668
TCGA-AO-A0JL	0	0.074230015	2.839623149	0.53297402	2.420251108	9.395733205	0.068024543	7.544863135	1.443831768	22.49869591
TCGA-A2-A04X	0.007906851	0	18.51188067	9.341876122	7.683711312	13.33548323	0	165.1831962	0.916377638	18.12162479
TCGA-BH-A1FU	0	0	22.01937908	149.0532994	2.911981763	6.385046792	0.042521364	343.9546751	4.728030602	23.64152697
TCGA-D8-A1JB	0	0	17.61698064	0.345817972	5.635848821	23.20353966	0.072091154	79.81083666	6.645326462	19.00882867
TCGA-E2-A15I	0	0	18.18151759	0.827408379	5.663448816	9.621883066	0	31.54557343	16.68072277	13.39433058
TCGA-BH-A18Q	0.010481362	0	9.075046239	1.60853267	2.49149825	22.4987453	0.042990223	19.37716968	10.90087663	21.84773808
TCGA-BH-A1EW	0	0	19.19863017	1.474599629	2.847765638	15.61185395	0.05763812	248.6919356	7.417465113	23.06477513
TCGA-AR-A0TY	0.953428893	0.264639375	31.45957002	19.1369195	2.499442416	2.328846459	0	90.46952066	0.902920732	115.1187269
TCGA-AR-A2LL	0.008895328	0	37.01230193	0.385036762	9.773793313	26.76893196	0	49.72731637	1.306599471	17.4223246
TCGA-D8-A13Y	0	0.192061596	62.23723442	0.919339174	3.359366673	26.04506051	0.097780919	95.23261504	3.836529553	36.91754944
TCGA-A2-A0CX	0.070804542	0	13.70624405	9.481707603	4.930416424	14.90413064	0.072602753	361.8414333	7.316602976	23.96340859
TCGA-E2-A15R	0.005994018	0	16.37975261	0.159209634	2.921399409	14.21773399	0.012292494	105.2799133	5.187065374	6.971672595
TCGA-BH-A208	0	0	26.32080639	5.528898567	2.111353444	7.884616069	0.016256491	56.16925329	7.103984342	35.93624944
TCGA-AR-A255	0.015487404	0.017329439	25.79242953	1.27219194	4.456169848	15.07772731	0.015880735	143.3417698	6.038150607	16.20622398
TCGA-AO-A03U	0	0	4.752081264	1.995903963	1.965206427	18.94787306	0.091016917	30.87403474	2.682555159	29.71965607
TCGA-E2-A1IK	0.013358548	0	13.10019984	0.197123343	5.197191222	47.92434346	0	85.23240333	1.397457952	9.679032838
TCGA-GM-A2D9	0	0	23.5682207	1.660344297	6.288980542	25.89689857	0	33.48481215	2.863216675	14.08392613
TCGA-BH-A0AV	0	0	5.805644234	76.67211048	2.599219903	17.0185843	0.166038795	37.35252158	9.226468705	26.24934876
TCGA-E2-A1L7	0	0	20.83666265	14.82195907	6.925886537	25.84961587	0	184.9889072	2.854342981	19.77413834
TCGA-AO-A12F	0.007869092	0.017610046	13.94479017	20.13504001	2.435741625	20.18376874	0.016137883	100.7139786	5.175995887	43.50626547
TCGA-A2-A1FX	0.006995397	0	23.65725934	0.082581197	2.587000691	3.340413591	0.014346116	78.25282052	1.484900611	13.03955267
TCGA-E2-A1IO	0.035531661	0	18.337414	5.452901538	3.566064265	9.406837532	0	79.2497718	7.467456917	23.63094577
TCGA-AR-A1AV	0.014599972	0	21.24368575	11.36098635	4.051023463	16.14403473	0	209.4982585	7.124030387	13.334497
TCGA-AO-A03M	0.013176691	0.058975582	12.56011016	30.25483295	5.512330453	4.584229543	0.013511337	153.1280756	1.80329331	25.20981009
TCGA-BH-A0BG	0	0	7.201803401	62.29857059	5.452049929	81.35300942	0.029718786	56.59275454	9.470874922	15.42920767
TCGA-A2-A0D3	0	0	9.931695193	0.883133428	7.035189771	38.43427251	0	33.84838108	6.570964848	7.443543613
TCGA-BH-A0BM	0	0.062652383	13.4010154	0.399353284	6.511314377	24.88217428	0	24.52289271	13.18686433	18.24579898
TCGA-AO-A1KQ	0.035022825	0.522511434	16.27672065	43.80242528	7.631421851	14.35757374	0	337.2192518	0.719374463	22.82953421
TCGA-HN-A2OB	0	0	13.14177288	0.307071796	6.318194278	18.81778933	0	43.52839179	10.56578077	50.43763328
TCGA-A2-A0EW	0	0	19.98270306	1.928309102	5.926848998	18.98108112	0	91.76015051	22.06972869	30.8197885
TCGA-AO-A0JJ	0.018121065	0	12.03341154	0.276314054	7.530400049	49.67584239	0	23.13951918	9.773748002	23.50916214
TCGA-AR-A1AX	0.027457047	0	32.95373504	0.099040497	5.321567086	17.76698321	0.01876958	196.7273689	2.291956669	20.66902995
TCGA-AR-A1AM	0	0	13.60182364	0.354550397	6.597970171	39.88325496	0	77.42900663	3.870231842	26.148624
TCGA-BH-A0AU	0.031076262	0	13.70255357	0.947715574	5.190428199	12.24167205	0.021243667	264.3630154	2.827868051	29.97463867
TCGA-BH-A0AZ	0	0	10.22429033	27.86273583	2.94752955	18.06238027	0.020946348	78.97784798	7.832460637	30.97289674
TCGA-A2-A04V	0	0.019001465	16.42017791	5.629873799	3.52483263	6.89543627	0.034825966	16.13917573	2.34836265	27.127557
TCGA-A2-A0EY	0.026037989	0	26.68483341	67.87984696	3.083580259	19.77527194	0	97.51647295	3.423498531	22.0235887
TCGA-BH-A0EI	0.008837846	0	9.637454848	4.634054942	4.466136097	16.4215057	0	42.84811176	3.767819001	19.84418816
TCGA-BH-A1FJ	0.072060888	0	22.97217905	6.018591202	7.566517228	2.434464647	0	191.9057457	2.98179815	4.754061814
TCGA-BH-A0H3	0	0	18.6986083	0.788868467	5.115635403	23.31622188	0	224.6242827	8.826987628	28.5172624
TCGA-E2-A150	0	0	13.80701787	0.994080194	2.694969963	46.31760219	0	21.6874253	3.661556498	26.79819333
TCGA-AR-A1AW	0	0	15.90231885	9.816972396	17.25843501	24.02678859	0.060368765	99.53516811	2.241020901	54.87071688
TCGA-PE-A5DD	0	0	17.98659194	0.309706344	7.708181969	33.9760534	0	7.544899022	6.524296522	14.20347628
TCGA-AR-A0TX	0.262194086	0	18.10922184	15.41162198	7.422871182	11.76961279	0	116.6266079	4.033260691	28.08999857
TCGA-AO-A0JF	0	0	8.781840457	2.878412313	5.465426046	19.57897266	0	150.0957714	13.58417531	27.32818782
TCGA-AR-A0U0	0	0.022797478	20.59366851	30.91673608	6.066945503	3.070926511	0.167133256	156.4166	3.189767318	22.22112613
TCGA-B6-A0IE	0.090911994	0.016954142	15.9190433	0.037264688	2.707785567	31.75665976	0	10.98022586	1.157592278	15.67612939
TCGA-E2-A152	0	0	11.1585514	195.2501697	2.251461131	19.99198127	0	53.82048531	3.228575724	22.53612462
TCGA-BH-A18S	0.025317244	0	8.973418503	0.215851995	7.371087938	8.33372719	0	34.90904212	2.625799991	7.363262855
TCGA-GM-A3XN	0	0	15.18998482	8.017396158	11.95767728	19.87538737	0	14.5793485	16.64038914	34.79827394
TCGA-AO-A03N	0.048186768	0.172537564	11.02708202	3.413090794	2.006572283	13.70579005	0	36.6507659	1.218790743	17.40558401
TCGA-V7-A7HQ	0.288485357	0.112277261	4.295096933	3.491965306	7.652229117	7.59473054	0	87.6847928	0.835806087	12.38838844
TCGA-BH-A0DG	0	0	16.56038862	26.40185852	5.417467608	30.00367242	0.040071929	73.36654986	9.329612973	46.84690043
TCGA-A2-A0D0	0	0.020752874	6.29361797	16.80426556	4.690241034	17.19478903	0.019017977	161.6104771	3.619647225	185.7600593
TCGA-BH-A0DV	0	0	9.990036279	1.134276567	4.742481796	21.9775072	0	25.28183018	8.447842006	38.78909589
TCGA-B6-A408	0.008730971	0	18.23509508	0.395100813	9.283385484	8.44613002	0.03581084	39.13643258	0.875824772	22.29446744
TCGA-B6-A0RG	0.095695111	0.160615293	8.125225507	22.15836076	2.679779762	14.03518132	0	782.0794734	1.118502392	11.66861778
TCGA-AO-A03R	0.013445317	0	13.486941	0.211630652	2.454522228	5.538100312	0.055147141	64.43306258	3.485027615	19.05310926
TCGA-B6-A0X5	0.024397362	0	17.60564546	4.740209262	5.403071086	1.791108236	0	169.0938654	0.762614312	4.577486612
TCGA-GM-A3XL	0.008105356	0.018138777	10.49205977	29.78972747	20.72939267	22.38007644	0.083112067	662.5969594	0.924864693	31.72545588
TCGA-E2-A14Y	0.011773123	0	8.327172032	13.02962	3.080428669	17.13326841	0.024144246	326.4579417	0.90894081	9.724543988
TCGA-AO-A03T	0.00897243	0	12.70041042	0.229493821	3.183876752	34.67804374	0	127.8004784	1.827415139	13.53584887
TCGA-BH-A0B5	0	0	18.25007901	0.300400153	5.378706822	19.88970979	0.071569258	42.6836812	8.751837346	37.32322014
TCGA-E2-A1IG	0	0.021239374	31.51375655	9.878227864	2.349375541	32.92665415	0	267.6289981	3.735102587	16.91662202
TCGA-AO-A12E	0.013565893	0	32.14553785	0.200183002	4.686275383	18.79921722	0	827.762374	16.20235217	21.54161324
TCGA-GM-A2DF	0	0	8.348080031	37.39015788	8.131542144	22.02760792	0.08740748	34.09447994	4.71635015	70.86507249
TCGA-BH-A0DX	0	0	19.02334647	2.10787113	11.7597559	64.90742113	0	205.9928522	8.853662103	46.37371131
TCGA-B6-A40C	0	0.153075647	11.11191163	5.430393553	8.13278453	15.84273936	0.350697118	49.5691605	8.331933372	27.57174943
TCGA-AO-A0JM	0	0	41.96172622	44.43609087	4.463404822	17.73200138	0	315.3340649	3.620382421	28.32875664
TCGA-AO-A0JD	0.018020904	0.060492804	99.81813919	7.70289367	3.486287613	6.11149693	0	505.7019858	1.378386791	12.30810729
TCGA-A2-A0ES	0	0	14.45373735	0.099016232	5.187256731	13.85104708	0.018764981	20.18350089	8.852521585	44.77541586
TCGA-GM-A4E0	0	0	15.23484285	0.289195749	14.66985969	14.37711241	0	125.033325	22.01430656	69.54222621
TCGA-BH-A1FN	0	0	22.51793956	10.03744311	3.522535051	12.11004948	0	120.1713762	2.239855273	16.58303165
TCGA-GM-A2DH	0	0	37.19501854	7.62408223	9.019189312	27.78174417	0.028871189	27.12553718	2.062826289	20.39534741
TCGA-BH-A0BO	0	0	18.94048281	1.643762998	4.533465379	26.73703188	0.032948851	103.4762762	21.13574859	38.97903571
TCGA-BH-A18M	0	0	20.62857256	1.047365506	6.839203116	6.782075044	0	300.1392884	12.0940319	25.41306972
TCGA-AR-A254	0	0	23.50786616	14.5655713	8.791296823	16.26138413	0.026323543	190.8292774	3.306343082	47.54390821
TCGA-AR-A252	0.00732426	0	28.73477238	0.252185045	7.007964188	11.03481372	0.030041091	451.6746633	16.00627303	31.55059354
TCGA-B6-A1KI	0.013426272	0	12.97438688	0.501910868	6.428971977	9.970161798	0	68.55878395	11.92418295	7.280717241
TCGA-E2-A1L8	0	0	11.45777528	3.473226641	3.778492061	11.98621245	0	267.4918533	10.74718861	16.3433646
TCGA-A2-A04T	0	0	8.528012224	15.11740877	4.7368982	26.69624862	0.016103525	13.16589295	1.443155061	16.60127018
TCGA-BH-A0BQ	0	0	9.567966913	6.170961582	6.907055683	18.74085805	0	85.99702751	6.019423375	24.24419568
TCGA-BH-A0BZ	0.00733382	0.098473045	21.93101456	79.55640622	9.867225015	14.85617018	0.030080302	91.36626732	1.583011006	37.46489212
TCGA-A2-A0ER	0.006718202	0	22.03561896	0.984752017	6.140854657	8.991265123	0	146.3922573	1.278039371	7.02489159
TCGA-BH-A1FE	0.00781246	0	18.28396954	1.70619367	2.859101831	7.89257501	0.064086973	184.9733273	3.831668256	100.7284354
TCGA-AR-A250	0	0	27.44793193	33.73077373	5.110656035	13.01543901	0.013067657	360.5511592	3.167418172	28.47399276
TCGA-AR-A0TS	0	0	9.767665211	4.972208439	5.76472883	7.674673442	0.034436361	56.09642701	8.434123293	31.13360067
TCGA-BH-A0BL	0.007329024	0.016401443	10.38499884	252.3635219	4.878685683	20.20317956	0.060121268	71.43678077	15.80925656	47.59703861
TCGA-B6-A402	0.027080184	0	10.3790324	1.900341633	5.58813615	26.09701851	0.018511957	49.97575818	2.072931926	61.94085436
TCGA-GM-A2DD	0.296822309	0	6.235800405	4.428679251	8.20625613	28.81029172	0	226.1487068	1.852073538	38.49281881
TCGA-AR-A0TV	0	0	58.19218525	6.49065571	5.846567758	11.82101288	0	205.1970215	1.127781847	16.49827751
TCGA-A2-A0CT	0.010674207	0.047775087	20.2297111	3.612281603	3.180800581	14.75732878	0.021890595	40.12709034	0.734232301	13.93761546
TCGA-BH-A0BP	0	0	13.09284499	2.025202973	4.864175489	7.542020787	0	561.7741247	31.86201965	33.2974836
TCGA-E2-A1LB	0.00999648	0	11.67407351	12.66632153	3.906261812	6.065889492	0.020500718	439.2132881	1.409251426	13.00694288
TCGA-E2-A14T	0	0	17.75009749	0.354386378	6.473858986	38.94747552	0	223.3698838	3.267624012	30.75311407
TCGA-AR-A24T	0.007838141	0	13.58914398	2.552281646	2.640628633	33.14574981	0	31.06337618	4.608061702	30.60182267
TCGA-AR-A1AU	0	0.019779584	28.41111734	1.139042991	5.392290742	12.55829198	0.036252105	143.4475932	9.011826399	33.08528922
TCGA-E2-A1AZ	0	0	11.60926754	3.977069463	5.988532928	10.72792672	0	15.37322013	3.648063593	65.32967048
TCGA-BH-A0BR	0	0	35.14765153	53.66971883	5.28881021	11.67041847	0.020086698	481.7487624	4.514327021	54.48807248
TCGA-AO-A0JE	0.044930301	0	14.64556451	195.0301495	5.313241554	7.677071739	0.092142777	302.5082242	6.395206079	12.32961733
TCGA-A2-A0CS	0.033131563	0	9.327334802	3.139829425	3.305116403	9.944533508	0	279.6997912	7.139605243	23.54244615
TCGA-B6-A0I1	0	0	6.858598974	0.42017726	6.476186539	29.03585782	1.253478995	69.91243707	1.130484151	143.3275786
TCGA-E2-A1IE	0	0.014103181	34.94898551	0.46497545	3.86635002	49.56173788	0	102.7452488	3.020883481	6.181178561
TCGA-AR-A24U	0	0	11.79033486	83.48486469	6.463325303	16.21440666	0.179588137	357.1775945	10.77795922	52.05897144
TCGA-BH-A0BT	0.009151452	0	12.07311746	4.861511702	6.999522651	6.236860591	0	132.5896775	1.216355677	12.10984588
TCGA-BH-A0BW	0	0	10.401635	2.890129242	6.200873204	33.52510922	0.019006074	45.40429539	2.760764466	37.25740299
TCGA-AO-A12C	0.009253976	0	8.105222659	2.958688671	3.548859926	5.14037728	0	539.2034847	3.981695243	19.74103576
TCGA-BH-A0DE	0	0	10.93900706	1.153139968	3.580754685	20.93017689	0	439.0011981	18.51816489	13.8211447
TCGA-BH-A0DL	0	0	7.473482244	70.39576406	10.49193063	24.10044302	0.014596276	39.10896819	0.471724546	34.5841266
TCGA-AR-A1AJ	0	0	13.76802761	18.35271091	12.10858556	28.10175161	0.06124721	31.52991975	7.605517641	64.59049771
TCGA-A2-A04Q	0	0	6.858749251	35.62594499	13.3993023	10.47025798	0.036540144	12.69292984	3.906576757	44.60690945
TCGA-AR-A251	0.009755162	0	18.04878157	5.671651424	3.991301135	25.67738937	0.010002913	58.91486975	6.814998476	32.45035772
TCGA-AR-A24N	0	0	17.06056608	0.498840235	6.135492641	22.59136297	0.085472082	187.4365938	2.604275642	7.538849552
TCGA-BH-A0DT	0.009751007	0	13.99821866	14.7246638	7.80827845	16.76253974	0.019997303	82.99089562	9.350037582	18.33223824
TCGA-AR-A24Z	0	0	24.6889422	4.811700175	2.086246119	4.399878497	0	46.72771965	5.494818699	10.09131985
TCGA-GM-A2DB	0	0	25.57319587	6.179445353	7.430835349	6.656325111	0.031267035	216.7062672	0.939484951	16.3958129
TCGA-B6-A0WV	0	0	48.82293497	2.269218786	2.529325761	23.03825497	0.024510574	491.1295032	1.913972464	6.544930914
TCGA-A2-A0EQ	0.00955859	0	13.1378972	2.877417087	11.52829245	14.10920981	0	111.7622389	0.517091549	23.59127787
TCGA-AO-A03L	0	0.036733582	27.90816103	2.123443425	4.747481159	3.935086477	0	268.814823	4.244346537	23.99304268
TCGA-A2-A0EO	0.007982054	0	13.62186792	2.473504778	4.525079681	18.36289282	0	233.0913202	3.964890291	26.06816276
TCGA-B6-A0RL	0.040886125	0.329392974	96.19035254	0.217198717	2.803808625	3.926005496	0	176.2904534	0.512673231	2.72543915
TCGA-BH-A0B0	0.018247663	0	11.77811438	1.992589185	4.762784872	31.26208162	0	143.2168246	13.04371228	31.66891549
TCGA-AO-A03O	0	0	54.15610806	1.453841063	5.260429437	7.768322115	0	1089.175281	2.071678824	30.84269382
TCGA-BH-A0B6	0	0	9.5780391	1.052763286	5.770289131	58.41934461	0	15.9549005	1.209658908	42.73749768
TCGA-BH-A0DD	0	0	26.5838306	2.616100735	3.371996584	7.30585623	0	149.0447872	3.010973478	10.82642701
TCGA-BH-A0E9	0.009037566	0	20.94839682	0.160033724	4.636612039	30.50851863	0	13.07240536	10.66202845	24.14575023
TCGA-AO-A1KR	0	0	4.966962942	15.97403713	5.925697153	5.024330974	0.107161299	86.75815851	1.045996399	99.88252288
TCGA-AO-A12D	0	0	9.484871834	46.12511016	5.438714449	8.379425235	0.085187146	162.9179153	2.52242613	27.27748751
TCGA-BH-A1ET	0.092386198	0.024323387	15.88386828	0.155039985	3.603612009	16.06813711	0.011145002	49.39760101	5.984924619	6.640026207
TCGA-A2-A3XT	0	0	20.81194274	13.16877248	19.65063626	73.82915666	0.030250536	29.5250763	1.597254319	32.67057919
TCGA-BH-A204	0	0.011846904	16.9526545	0.182273941	1.654452957	1.159042637	0	160.89417	2.755695671	4.522057939
TCGA-GM-A2DC	0.040106106	0	17.08424826	0.092060819	2.629148586	37.08665292	0	126.0637691	2.076227767	13.81585124
TCGA-E2-A106	0.527806583	0.058090097	9.859418792	0.1447043	6.011272093	30.18136591	0	258.3132716	7.619447718	3.97274387
TCGA-AR-A24X	0	0	16.53334569	3.558697924	4.383784255	23.27025134	0	146.537521	8.759312133	6.771223114
TCGA-AR-A0U2	0.107180083	0.018450435	28.48308237	2.335881316	3.27104688	3.88337441	0.016908018	189.8327861	1.596478538	17.44949383
TCGA-BH-A0B7	0.017089891	0	23.71638969	4.034949211	4.804001065	13.77880599	0.140191357	159.6311261	9.969124475	25.64502536
TCGA-AR-A24O	0.016239002	0	15.38564678	1.813187613	6.265772174	11.10406408	0	36.03456653	15.28907968	28.67209576
TCGA-GM-A2DI	0.040704685	0	12.46670111	1.461587469	6.447638291	10.72348078	0	42.79717318	4.797742612	37.33177095
TCGA-AR-A24V	0.006897815	0	12.56364849	5.421830006	2.427054115	6.995439312	0	70.45731014	4.538362177	38.68345398
TCGA-B6-A401	0.008152189	0.036487163	7.306258472	2.165337181	6.963663232	13.92404211	0.016718457	67.66260653	5.584171633	21.53157614
TCGA-GM-A2DO	0	0.054654706	14.31104134	0.216232883	17.80262812	22.65793934	0	6.126015855	0.559974569	31.06968405
TCGA-AR-A0U4	0	0	13.58595606	71.97831352	11.74620966	65.7066659	0.07129961	31.86073336	3.529582771	66.64230179
TCGA-AR-A1AO	0.037241684	0	14.2040068	35.5596231	25.16948309	107.6058857	0.015275002	186.5065778	3.581034249	67.82290243
TCGA-AR-A0TT	0	0	32.76078118	122.4816686	13.21303782	15.92591627	0.022068466	107.4005419	2.471182763	46.55990442
TCGA-PE-A5DE	0	0	12.73424138	3.008315775	10.53365612	34.09148968	0	49.86679231	4.296808573	20.66260886
TCGA-GM-A2DK	0.01011683	0.045280406	18.10718941	15.64532259	6.769036089	29.16971939	0	155.6373514	8.61348497	95.547519
TCGA-AC-A2FK	0.033485617	0	16.06315008	0.032941688	6.127313936	22.95151133	0	51.61433833	10.45096051	23.65781924
TCGA-AR-A24R	0.007021193	0	14.72216699	9.062171235	7.099210951	7.663385689	0.014399017	282.6778941	4.157960734	9.713981521
TCGA-E2-A1B1	0.004839289	0	23.81421318	2.189913562	5.86133067	22.83484975	0.029773152	42.15446876	6.431223726	26.50425671
TCGA-A2-A04U	0	0	3.943504819	4.932565673	3.413386038	49.34699041	0	68.56471313	1.141541741	71.27400682
TCGA-A2-A0CQ	0.055418162	0.053150972	6.709749618	0.334896094	6.708505549	19.80228599	0.064943552	34.36560943	3.202172098	5.90530104
TCGA-BH-A0C3	0.01010985	0.022624583	57.66248346	1.103964799	7.097181416	9.931092128	0	902.3435131	26.96534927	34.02731922
TCGA-BH-A1F5	0.033265402	0	12.16453418	1.799877754	1.727973607	7.553365017	0	306.3929807	6.314847256	4.826880491
TCGA-B6-A0RT	0.00844019	0	20.47314333	0.655944108	13.49558931	21.24831147	0.051927261	14.1057761	3.51966902	37.32969263
TCGA-BH-A18K	0.016886537	0.056684946	10.27395444	8.422404729	4.52664249	8.996114471	0.121207812	172.6848504	6.67438393	25.056531
TCGA-BH-A0C7	0.02625619	0.044068559	35.60752129	0.458477063	5.747377509	18.39722748	0	105.7049023	3.452187863	16.49590872
TCGA-AR-A0TQ	0.032727014	0.073238977	19.58493015	4.436527229	6.352289664	13.0634568	0.026846541	485.4741376	1.443314875	22.73913143
TCGA-BH-A1EO	0	0	16.99257139	102.7156335	4.358046655	20.84543274	0	91.61702214	4.517098241	30.74322326
TCGA-A2-A0CP	0	0	7.161978091	0.97587855	4.119904526	8.645224929	0.029062445	127.8597719	2.947196258	32.78171751
TCGA-AR-A256	0	0	14.56998123	36.78954092	3.430863055	41.33587728	0.045841925	25.63257813	9.387001681	45.73016152
TCGA-AR-A1AP	0	0	20.78070006	3.594664039	4.126675539	12.02705197	0	463.8889808	2.917837114	22.6476805
TCGA-AR-A24L	0.030701377	0.219858728	12.85872989	16.87121382	2.236636952	15.56993924	0.012592438	94.23787488	4.31602049	13.87145474
TCGA-AO-A03P	0	0	6.924752127	0.528037104	3.107284006	3.331694007	0	137.6436742	6.768090914	6.671778046
TCGA-AR-A1AN	0	0	34.05545603	49.67014688	6.013319415	13.18086375	0	391.4904724	8.825328897	32.24280167
TCGA-AR-A24M	0	0	8.479181555	4.352330924	6.101812991	10.05410134	0	46.98790619	5.749792957	8.080432554
TCGA-AO-A1KP	0	0	13.83047373	1.791397511	3.510073198	20.87684144	0.032193515	17.89797617	1.4776984	6.597009921
TCGA-B6-A0IH	0	0	22.54893925	0.515029457	3.701335163	28.54603918	0	6.156635726	7.875249832	44.83788184
TCGA-AR-A1AL	0	0	18.81378503	0.745591434	4.256042158	13.73174256	0.052392193	12.35457151	14.80574602	28.55807499
TCGA-AR-A24S	0.01393426	0	26.95523467	64.40664613	12.30785235	23.25219713	0.014288146	75.55696511	4.399260552	50.86343762
TCGA-AO-A12B	0.553352626	0.091728457	16.19894507	0.070565724	5.485050089	18.36793928	0.021015038	66.99983686	1.839257725	5.431779449
TCGA-AR-A0TW	0	0	14.26774186	7.017927911	12.51279062	5.163924744	0	256.0604246	1.571180626	19.62362552
TCGA-A2-A0CV	0	0	15.03351289	0.28041756	5.727743633	15.53339901	0	45.29100364	6.169592175	26.89972083
TCGA-A2-A0CL	0	0	16.18834531	1.386189453	9.048755909	5.99432933	0.098963297	83.88573501	4.712753139	35.46484705
TCGA-A2-A0ST	0	0.023184945	8.031265072	0.621709606	11.48968762	31.28504866	0	25.58636434	2.291942962	38.44166133
TCGA-AR-A1AQ	0	0	7.966885442	52.10740415	11.30360475	33.58318802	0.130843191	18.0973556	3.22060011	25.04079151
TCGA-B6-A0RS	0	0	12.57373647	87.24333584	6.717615644	19.59498051	0	88.83306359	2.896106783	18.29258274
TCGA-AR-A24Q	0	0	12.96353427	13.20212535	3.094855742	31.82318179	0	89.29420884	11.31104935	23.74469375
TCGA-B6-A1KF	0	0	3.634436237	2.398783051	2.047746238	5.848728148	0	124.8042112	2.365281633	5.280336869
TCGA-GM-A2DN	0	0	8.771372816	1.030317483	6.359942373	67.77217994	0	97.7857041	4.238539605	13.89007091
TCGA-A2-A0EM	0.008647688	0	10.67076004	0.884750701	4.62884259	21.16954108	0.017734624	124.1501265	6.808094277	13.71868463
TCGA-A2-A04W	0	0	13.30385083	1.134554888	2.285176331	12.23327759	0	157.5999743	1.660647877	19.1144661
TCGA-AO-A12A	0.008718855	0.058535133	19.87762763	1.440974521	5.080698025	16.6818915	0	131.0710211	13.96095293	17.25623091
TCGA-E2-A1LI	0.048351346	0.015457755	5.089488653	65.10418609	5.746738253	31.56555361	0.042496557	40.52374037	3.633968225	9.614407017
TCGA-B6-A40B	0.015031008	0.016818761	10.59820703	12.21393782	3.75291745	15.63923744	0	20.26122435	3.599864632	20.1480283
TCGA-AR-A1AK	0.04134595	0.04626354	26.8274691	0.183034532	5.939368948	25.69993135	0	114.8353375	5.84910287	27.60820882
TCGA-A2-A25E	0.008004684	0	26.97361501	0.937084392	3.791857522	21.2076202	0	304.6922386	2.605348209	11.93548485
TCGA-GM-A2DM	0.00918094	0	11.06858036	3.648850402	5.750330745	19.79679648	0.018828213	140.3635931	2.192219053	16.04210459
TCGA-E2-A1LH	0	0.03544725	9.604309631	57.03156683	7.110563577	93.01812412	0.097451806	22.7338778	6.789784988	44.42111022
TCGA-AO-A128	0.006833027	0.015291462	14.23886431	0.47726438	23.87606099	22.34295325	0.07006564	69.34111042	7.198316837	180.6981284
TCGA-Z7-A8R6	0	0.04101337	34.19750407	4.480263085	6.068467816	14.10939679	0	147.3628442	4.765113718	11.84618176
TCGA-A2-A0EP	0	0.016970305	14.01127797	8.884910623	18.01615899	34.36358667	0.062206492	146.5023794	14.50746929	84.26794727
TCGA-A2-A25A	0	0	14.55350876	0.975765944	4.982099597	14.75650525	0.034091672	8.27546402	8.012220339	29.50760974
TCGA-A2-A0CR	0.009690768	0	11.03956682	0.190667097	12.56604688	30.72405636	0	10.68980306	2.095232074	57.1625359
TCGA-A2-A0CW	0.02211199	0.148451631	34.3585842	5.213423687	10.17834482	5.200402142	0.01511571	423.9136705	1.748079665	12.12567257
TCGA-AO-A129	0.009134022	0	7.722432134	73.41277615	6.173933794	82.62193976	0.149855952	79.28145255	3.419597434	32.08047475
TCGA-AR-A1AI	0	0	7.235040167	3.80243184	8.710139359	54.74669236	0.053680108	26.40767003	5.015411069	58.06768087
TCGA-AO-A126	0.008539466	0	9.377621824	0.411636957	2.935315818	34.03102449	0	57.42319727	1.840191464	31.77683642
TCGA-GM-A3NW	0.411707652	0.102372265	76.87881061	0.063003113	4.032767127	125.8398862	0	33.7157803	5.831080284	12.85331523
TCGA-BH-A42U	0.007669692	0	14.49934125	0.807326541	8.315630983	28.42221642	0.015728955	9.339118368	7.453226171	32.44194463
TCGA-AR-A0TP	0	0	7.38715992	3.403617939	1.507288923	15.9426857	0	67.64824129	7.903714015	24.13758343
TCGA-A8-A08T	0.008183092	0	9.938040365	2.970512193	2.438474725	16.36389038	0	67.23292985	7.355542948	18.44267952
TCGA-AO-A125	0	0	4.230780186	0.073146673	14.29307054	4.118147898	0	123.6309568	2.778689592	5.819816755
TCGA-B6-A0WY	0	0	18.45940424	4.99759713	5.496547992	22.00305363	0	131.9063824	6.093156882	23.88687326
TCGA-BH-A1ES	0	0	9.027356886	6.314356906	2.984390893	1.670831332	0	136.9832277	2.040151397	8.966710274
TCGA-AR-A0U3	0	0.031853878	9.374433665	13.54067918	3.730396164	8.073115962	0.029190961	111.7000123	3.587460906	10.98641621
TCGA-BH-A1FC	0	0	16.1900683	38.73562873	6.396307859	21.76953197	0.096131505	74.46677686	1.76191482	26.03296766
TCGA-AO-A124	0	0	2.126720001	11.67274966	3.25003589	21.02882754	0.042172736	37.21716414	5.093237837	3.649161527
TCGA-GM-A2DL	0	0	34.30026224	119.5370992	7.02626698	12.26284675	0.021857183	553.6451514	6.935923114	47.47976212
TCGA-BH-A1FB	0.007191866	0	10.70655173	0.608453799	4.415339503	15.29751204	0.029498068	79.66037923	5.587244586	29.81742702
TCGA-A2-A04R	0	0	8.777883281	1.508105141	4.800227143	15.96884329	0.017563579	159.8004768	3.96108291	9.4059495
TCGA-AR-A1AH	0	0	1.857880117	9.914602682	4.598000335	12.92293127	0.193163895	12.21224053	0.967848356	60.00416543
TCGA-B6-A0IM	0.00631644	0	17.33355043	21.28239471	2.951620967	4.27602868	0.012953715	13.0471474	3.928427472	18.87013687
TCGA-B6-A0IP	0	0	13.28015703	4.046495476	5.215689419	37.5267953	0.028790278	314.4030831	5.993847657	11.51551631
TCGA-B6-A0IB	0	0	21.99132552	0.647132985	5.586567738	19.4533602	0	90.25659198	2.95313745	7.581436412
TCGA-B6-A0X0	0	0	12.53764815	3.505931146	16.17051431	34.66982601	0.031776786	168.2232333	5.670521725	3.935331676
TCGA-BH-A209	0	0	32.82284134	28.97654385	10.65674001	10.62563555	0.073361827	80.60903708	1.490474456	17.66322405
TCGA-3C-AALI	0.027034397	0	33.80583613	3.470681385	5.669225783	6.059493203	0	289.7327861	1.554491575	19.00032963
TCGA-A2-A0EN	0	0	8.947825424	1.167527719	5.338561217	14.99991543	0	104.1453624	13.14286235	39.84956517
TCGA-A2-A0CK	0	0	27.82412845	0.171957963	5.285166793	17.8797979	0	41.63741257	9.120292143	26.23372157
TCGA-B6-A1KN	0	0	31.56666139	6.685232417	3.401878695	46.27877082	0.014177427	323.0432169	3.14168447	12.21133396
TCGA-AR-A2LE	0.010168331	0	43.08354136	2.980941667	4.508130475	13.3576893	0	149.1197471	3.364210905	8.786758384
TCGA-B6-A0RQ	0	0	8.732811318	0.084043532	4.973978789	20.97512732	0	43.37181708	7.089573888	20.06857663
TCGA-B6-A0IQ	0.006822735	0	1.951647233	1.328957945	5.320487027	25.4342868	0.251856388	26.46958029	1.498358111	42.0038174
TCGA-A2-A04N	0	0	7.353779257	1.046891993	4.067032658	6.949840617	0	94.93296662	1.999081275	19.57816822
TCGA-B6-A0I2	0	0	10.12905218	1.434561108	16.17246366	28.28387996	0	52.20318228	2.771301152	46.10818208
TCGA-B6-A0IG	0.007037742	0	24.2762221	15.61924312	4.137176936	16.68886213	0.014432957	132.3241164	2.278023225	10.27900859
TCGA-AR-A24H	0.006151352	0	27.3237022	0.701966062	7.150688199	5.247299166	0.012615154	162.3585096	6.603611417	12.47023576
TCGA-B6-A0RO	0	0	6.58289899	0.376449796	5.559246869	29.85767292	0	70.82169832	1.649151516	7.634037361
TCGA-B6-A0IO	0	0.016857918	8.577025981	1.215344609	3.574860316	17.29557914	0.015448631	191.8965049	2.252117437	7.848160055
TCGA-B6-A0RV	0	0	14.5152641	0.494959029	6.977456425	8.417041275	0	29.08432376	2.977901316	13.97433025
TCGA-B6-A2IU	0.112848368	0	5.546621919	0.129517848	5.451823415	28.88630713	0	54.8449804	22.222419	7.071964305
TCGA-B6-A0WT	0	0	5.863091015	14.504074	6.07013393	23.12835637	0	129.0335007	2.982984209	14.09576127
TCGA-B6-A0WZ	0.008926556	0	6.292703685	3.556530086	8.201407411	6.019796222	0	285.9542329	5.617314231	7.679662325
TCGA-B6-A0RH	0.021356805	0	14.41014066	26.05226666	2.55355398	6.271555028	0	49.40699687	2.135976605	12.75402174
TCGA-GM-A2DA	0	0	13.95486312	0.388796691	4.008283561	15.07780129	0	39.16306099	4.963505595	29.23855166
TCGA-B6-A0IJ	0	0	8.432324101	2.389041668	11.87752921	62.94166292	0	92.06618929	5.951128608	39.35142394
TCGA-B6-A0RI	0.00772927	0.017297143	6.413843729	31.82156211	3.430077191	6.307084436	0	360.4676076	5.431545806	21.23987009
TCGA-B6-A0RN	0	0	5.509897321	1.896785198	2.83414955	23.87145251	0	82.61971158	2.645540027	12.7952986
TCGA-B6-A0IA	0.007878169	0	5.044334343	0.503762892	4.611017514	5.420280345	0	380.786092	1.076753916	5.55196026
TCGA-B6-A0I5	0	0.024409641	4.578720665	6.599152626	4.7845481	35.18400573	0	71.36003297	1.340344011	16.47175252
TCGA-B6-A0RU	0	0	8.15536264	1.185483104	3.464143454	6.444349052	0	173.1233355	8.313875845	37.81977085
